phase,nf,x_index,incumbent_index,active_objective,full_objective,incumbent_active_objective,incumbent_full_objective,active_residuals,active_circuits,new_residuals_revealed,new_circuits_revealed,union_residuals_revealed,union_circuits_revealed,cumulative_eval_residuals,cumulative_eval_circuits,cumulative_shots_revealed,cumulative_eval_shots,shots_per_circuit,fpr_enabled,fpr_use_union_mask,fpr_selected_residuals,fpr_selected_circuits,fpr_new_residuals,fpr_new_circuits,fpr_union_residuals,fpr_union_circuits,delta,ng,rho,rho_active,rho_full,rho_uses_full_objective,mdec,step_norm,accepted
initial,0,0,0,26531.19658877742,26531.19658877742,26531.19658877742,26531.19658877742,3836,1918,3836,1918,3836,1918,3836,1918,191800.0,191800.0,100.0,False,True,3836,1918,3836,1918,3836,1918,0.1,,,,,False,,,True
trial,1,1,1,12471.822770076435,12471.822770076435,12471.822770076435,12471.822770076435,3836,1918,0,0,3836,1918,7672,3836,191800.0,383600.0,100.0,False,True,3836,1918,0,0,3836,1918,0.1,121322.60773850973,21.072366037296327,21.072366037296327,21.072366037296327,False,-667.1948367742411,0.1,True
trial,2,2,1,19468.043856387398,19468.043856387398,12471.822770076435,12471.822770076435,3836,1918,0,0,3836,1918,11508,5754,191800.0,575400.0,100.0,False,True,3836,1918,0,0,3836,1918,0.2,67373.69956635985,-0.7512514328374283,-0.7512514328374283,-0.7512514328374283,False,-9312.755730643583,0.2,False
trial,3,3,1,14036.148160052624,14036.148160052624,12471.822770076435,12471.822770076435,3836,1918,0,0,3836,1918,15344,7672,191800.0,767200.0,100.0,False,True,3836,1918,0,0,3836,1918,0.1,67373.69956635985,-0.1682311970371097,-0.1682311970371097,-0.1682311970371097,False,-9298.66408565778,0.1,False
trial,4,4,4,4279.541230935227,4279.541230935227,4279.541230935227,4279.541230935227,3836,1918,0,0,3836,1918,19180,9590,191800.0,959000.0,100.0,False,True,3836,1918,0,0,3836,1918,0.05,67373.69956635985,0.9257427399111086,0.9257427399111086,0.9257427399111086,False,-8849.41483843324,0.05,True
trial,5,5,4,19031.90371246783,19031.90371246783,4279.541230935227,4279.541230935227,3836,1918,0,0,3836,1918,23016,11508,191800.0,1150800.0,100.0,False,True,3836,1918,0,0,3836,1918,0.1,132156.0902078887,-6.083704613097418,-6.083704613097418,-6.083704613097418,False,-2424.8978903039933,0.1,False
trial,6,6,4,8944.624576034064,8944.624576034064,4279.541230935227,4279.541230935227,3836,1918,0,0,3836,1918,26852,13426,191800.0,1342600.0,100.0,False,True,3836,1918,0,0,3836,1918,0.05,132156.0902078887,-1.9633632854889023,-1.9633632854889023,-1.9633632854889023,False,-2376.0673226285644,0.05,False
trial,7,7,7,3199.1611153629347,3199.1611153629347,3199.1611153629347,3199.1611153629347,3836,1918,0,0,3836,1918,30688,15344,191800.0,1534400.0,100.0,False,True,3836,1918,0,0,3836,1918,0.025,132156.0902078887,0.47298785030462576,0.47298785030462576,0.47298785030462576,False,-2284.1603962479758,0.025,True
trial,8,8,7,5458.9823207985755,5458.9823207985755,3199.1611153629347,3199.1611153629347,3836,1918,0,0,3836,1918,34524,17262,191800.0,1726200.0,100.0,False,True,3836,1918,0,0,3836,1918,0.05,58531.24167502924,-1.0620365189440553,-1.0620365189440553,-1.0620365189440553,False,-2127.818737986995,0.05,False
trial,9,9,9,2262.2356376401935,2262.2356376401935,2262.2356376401935,2262.2356376401935,3836,1918,0,0,3836,1918,38360,19180,191800.0,1918000.0,100.0,False,True,3836,1918,0,0,3836,1918,0.025,58531.24167502924,0.4422930083433412,0.4422930083433412,0.4422930083433412,False,-2118.3366231180144,0.025,True
trial,10,10,9,3730.7869040437154,3730.7869040437154,2262.2356376401935,2262.2356376401935,3836,1918,0,0,3836,1918,42196,21098,191800.0,2109800.0,100.0,False,True,3836,1918,0,0,3836,1918,0.05,85496.44041822756,-1.3014051429118865,-1.3014051429118865,-1.3014051429118865,False,-1128.4351183042406,0.05,False
trial,11,11,11,2025.355474018517,2025.355474018517,2025.355474018517,2025.355474018517,3836,1918,0,0,3836,1918,46032,23016,191800.0,2301600.0,100.0,False,True,3836,1918,0,0,3836,1918,0.025,85496.44041822756,0.21052020807228375,0.21052020807228375,0.21052020807228375,False,-1125.2134215084086,0.025,True
trial,12,12,11,3370.4693939066537,3370.4693939066537,2025.355474018517,2025.355474018517,3836,1918,0,0,3836,1918,49868,24934,191800.0,2493400.0,100.0,False,True,3836,1918,0,0,3836,1918,0.05,37545.30736350828,-1.2668515595649967,-1.2668515595649967,-1.2668515595649967,False,-1061.7770564611478,0.04985806059183159,False
trial,13,13,13,1599.2520739031206,1599.2520739031206,1599.2520739031206,1599.2520739031206,3836,1918,0,0,3836,1918,53704,26852,191800.0,2685200.0,100.0,False,True,3836,1918,0,0,3836,1918,0.025,37545.30736350828,0.40438352270942785,0.40438352270942785,0.40438352270942785,False,-1053.7110841224248,0.025,True
trial,14,14,13,2601.6870429015653,2601.6870429015653,1599.2520739031206,1599.2520739031206,3836,1918,0,0,3836,1918,57540,28770,191800.0,2877000.0,100.0,False,True,3836,1918,0,0,3836,1918,0.05,32862.40569268482,-1.532747151241272,-1.532747151241272,-1.532747151241272,False,-654.0119602810144,0.05,False
trial,15,15,15,1376.0054448213664,1376.0054448213664,1376.0054448213664,1376.0054448213664,3836,1918,0,0,3836,1918,61376,30688,191800.0,3068800.0,100.0,False,True,3836,1918,0,0,3836,1918,0.025,32862.40569268482,0.34181988013620956,0.34181988013620956,0.34181988013620956,False,-653.1118932953641,0.025,True
trial,16,16,15,2136.5335597039966,2136.5335597039966,1376.0054448213664,1376.0054448213664,3836,1918,0,0,3836,1918,65212,32606,191800.0,3260600.0,100.0,False,True,3836,1918,0,0,3836,1918,0.05,26278.29829573789,-1.7452251196679553,-1.7452251196679553,-1.7452251196679553,False,-435.77651175873945,0.04991978163110261,False
trial,17,17,15,1428.944981979555,1428.944981979555,1376.0054448213664,1376.0054448213664,3836,1918,0,0,3836,1918,69048,34524,191800.0,3452400.0,100.0,False,True,3836,1918,0,0,3836,1918,0.025,26278.29829573789,-0.12153671746071577,-0.12153671746071577,-0.12153671746071577,False,-435.5847209325875,0.025,False
trial,18,18,18,1029.4121481930933,1029.4121481930933,1029.4121481930933,1029.4121481930933,3836,1918,0,0,3836,1918,72884,36442,191800.0,3644200.0,100.0,False,True,3836,1918,0,0,3836,1918,0.0125,26278.29829573789,0.8068075893234772,0.8068075893234772,0.8068075893234772,False,-429.5860639076261,0.0125,True
trial,19,19,18,1844.966268622211,1844.966268622211,1029.4121481930933,1029.4121481930933,3836,1918,0,0,3836,1918,76720,38360,191800.0,3836000.0,100.0,False,True,3836,1918,0,0,3836,1918,0.025,10495.053161544958,-9.219602321094003,-9.219602321094003,-9.219602321094003,False,-88.45870917481649,0.025,False
trial,20,20,18,1082.2080384489914,1082.2080384489914,1029.4121481930933,1029.4121481930933,3836,1918,0,0,3836,1918,80556,40278,191800.0,4027800.0,100.0,False,True,3836,1918,0,0,3836,1918,0.0125,10495.053161544958,-0.6046408451996431,-0.6046408451996431,-0.6046408451996431,False,-87.31777000355581,0.0125,False
trial,21,21,21,956.0652042754836,956.0652042754836,956.0652042754836,956.0652042754836,3836,1918,0,0,3836,1918,84392,42196,191800.0,4219600.0,100.0,False,True,3836,1918,0,0,3836,1918,0.00625,10495.053161544958,0.8575246241277134,0.8575246241277134,0.8575246241277134,False,-85.53333846502586,0.00625,True
trial,22,22,21,1078.7674366163992,1078.7674366163992,956.0652042754836,956.0652042754836,3836,1918,0,0,3836,1918,88228,44114,191800.0,4411400.0,100.0,False,True,3836,1918,0,0,3836,1918,0.0125,3849.145191207085,-9.370328485510985,-9.370328485510985,-9.370328485510985,False,-13.094763169791314,0.0125,False
trial,23,23,21,967.3077064662411,967.3077064662411,956.0652042754836,956.0652042754836,3836,1918,0,0,3836,1918,92064,46032,191800.0,4603200.0,100.0,False,True,3836,1918,0,0,3836,1918,0.00625,3849.145191207085,-0.9236871578955187,-0.9236871578955187,-0.9236871578955187,False,-12.171331055821897,0.00625,False
trial,24,24,24,948.5539417578821,948.5539417578821,948.5539417578821,948.5539417578821,3836,1918,0,0,3836,1918,95900,47950,191800.0,4795000.0,100.0,False,True,3836,1918,0,0,3836,1918,0.003125,3849.145191207085,0.7158347504113279,0.7158347504113279,0.7158347504113279,False,-10.493011848454445,0.003125,True
trial,25,25,24,974.3857068126825,974.3857068126825,948.5539417578821,948.5539417578821,3836,1918,0,0,3836,1918,99736,49868,191800.0,4986800.0,100.0,False,True,3836,1918,0,0,3836,1918,0.00625,1364.2094920627355,-5.748981578392323,-5.748981578392323,-5.748981578392323,False,-4.493276713894815,0.00625,False
trial,26,26,24,949.3819570877508,949.3819570877508,948.5539417578821,948.5539417578821,3836,1918,0,0,3836,1918,103572,51786,191800.0,5178600.0,100.0,False,True,3836,1918,0,0,3836,1918,0.003125,1364.2094920627355,-0.23477930893164112,-0.23477930893164112,-0.23477930893164112,False,-3.526781527880991,0.003125,False
trial,27,27,27,946.8098274451628,946.8098274451628,946.8098274451628,946.8098274451628,3836,1918,0,0,3836,1918,107408,53704,191800.0,5370400.0,100.0,False,True,3836,1918,0,0,3836,1918,0.0015625,1364.2094920627355,0.6794992784880974,0.6794992784880974,0.6794992784880974,False,-2.5667640392495468,0.0015625,True
trial,28,28,27,950.4040471697292,950.4040471697292,946.8098274451628,946.8098274451628,3836,1918,0,0,3836,1918,111244,55622,191800.0,5562200.0,100.0,False,True,3836,1918,0,0,3836,1918,0.003125,534.2349511268197,-2.6623923356607686,-2.6623923356607686,-2.6623923356607686,False,-1.349996270806714,0.003125,False
trial,29,29,27,946.8488252926873,946.8488252926873,946.8098274451628,946.8098274451628,3836,1918,0,0,3836,1918,115080,57540,191800.0,5754000.0,100.0,False,True,3836,1918,0,0,3836,1918,0.0015625,534.2349511268197,-0.04636868349371197,-0.04636868349371197,-0.04636868349371197,False,-0.8410384894741425,0.0015625,False
trial,30,30,30,946.5156445258481,946.5156445258481,946.5156445258481,946.5156445258481,3836,1918,0,0,3836,1918,118916,59458,191800.0,5945800.0,100.0,False,True,3836,1918,0,0,3836,1918,0.00078125,534.2349511268197,0.5881890929310647,0.5881890929310647,0.5881890929310647,False,-0.5001502456442174,0.00078125,True
trial,31,31,30,947.1094330953916,947.1094330953916,946.5156445258481,946.5156445258481,3836,1918,0,0,3836,1918,122752,61376,191800.0,6137600.0,100.0,False,True,3836,1918,0,0,3836,1918,0.0015625,202.62154357909657,-1.0488963695125006,-1.0488963695125006,-1.0488963695125006,False,-0.5661079462211693,0.0015625,False
trial,32,32,32,946.4854477266794,946.4854477266794,946.4854477266794,946.4854477266794,3836,1918,0,0,3836,1918,126588,63294,191800.0,6329400.0,100.0,False,True,3836,1918,0,0,3836,1918,0.00078125,202.62154357909657,0.09704617809924439,0.09704617809924439,0.09704617809924439,False,-0.311159076639163,0.00078125,True
trial,33,33,32,946.8994682773169,946.8994682773169,946.4854477266794,946.4854477266794,3836,1918,0,0,3836,1918,130424,65212,191800.0,6521200.0,100.0,False,True,3836,1918,0,0,3836,1918,0.0015625,226.0855700326559,-0.5723431685161439,-0.5723431685161439,-0.5723431685161439,False,-0.7233781643816539,0.0015625,False
trial,34,34,34,946.3590332167836,946.3590332167836,946.3590332167836,946.3590332167836,3836,1918,0,0,3836,1918,134260,67130,191800.0,6713000.0,100.0,False,True,3836,1918,0,0,3836,1918,0.00078125,226.0855700326559,0.3164718716439412,0.3164718716439412,0.3164718716439412,False,-0.39944943365454755,0.00078125,True
trial,35,35,34,946.9875071060832,946.9875071060832,946.3590332167836,946.3590332167836,3836,1918,0,0,3836,1918,138096,69048,191800.0,6904800.0,100.0,False,True,3836,1918,0,0,3836,1918,0.0015625,224.44318107071305,-1.1531432470098026,-1.1531432470098026,-1.1531432470098026,False,-0.5450093827711955,0.0015625,False
trial,36,36,36,946.3379523144669,946.3379523144669,946.3379523144669,946.3379523144669,3836,1918,0,0,3836,1918,141932,70966,191800.0,7096600.0,100.0,False,True,3836,1918,0,0,3836,1918,0.00078125,224.44318107071305,0.07038168412420226,0.07038168412420226,0.07038168412420226,False,-0.29952256157332624,0.00078125,True
trial,37,37,36,946.7699269474058,946.7699269474058,946.3379523144669,946.3379523144669,3836,1918,0,0,3836,1918,145768,72884,191800.0,7288400.0,100.0,False,True,3836,1918,0,0,3836,1918,0.0015625,217.0323540088475,-0.6177005977695871,-0.6177005977695871,-0.6177005977695871,False,-0.6993268818238472,0.0015625,False
trial,38,38,38,946.221068549353,946.221068549353,946.221068549353,946.221068549353,3836,1918,0,0,3836,1918,149604,74802,191800.0,7480200.0,100.0,False,True,3836,1918,0,0,3836,1918,0.00078125,217.0323540088475,0.303445748846948,0.303445748846948,0.303445748846948,False,-0.3851883427530427,0.00078125,True
trial,39,39,38,946.8533535597929,946.8533535597929,946.221068549353,946.221068549353,3836,1918,0,0,3836,1918,153440,76720,191800.0,7672000.0,100.0,False,True,3836,1918,0,0,3836,1918,0.0015625,232.84451320964007,-1.1846071608669202,-1.1846071608669202,-1.1846071608669202,False,-0.5337507920998615,0.0015625,False
trial,40,40,40,946.2025789197955,946.2025789197955,946.2025789197955,946.2025789197955,3836,1918,0,0,3836,1918,157276,78638,191800.0,7863800.0,100.0,False,True,3836,1918,0,0,3836,1918,0.00078125,232.84451320964007,0.06308396706726924,0.06308396706726924,0.06308396706726924,False,-0.29309554260896276,0.00078125,True
trial,41,41,40,946.6504997754088,946.6504997754088,946.2025789197955,946.2025789197955,3836,1918,0,0,3836,1918,161112,80556,191800.0,8055600.0,100.0,False,True,3836,1918,0,0,3836,1918,0.0015625,226.6381967029027,-0.6511216882078719,-0.6511216882078719,-0.6511216882078719,False,-0.6879218796198874,0.0015625,False
trial,42,42,42,946.0872166317228,946.0872166317228,946.0872166317228,946.0872166317228,3836,1918,0,0,3836,1918,164948,82474,191800.0,8247400.0,100.0,False,True,3836,1918,0,0,3836,1918,0.00078125,226.6381967029027,0.3055884669934247,0.3055884669934247,0.3055884669934247,False,-0.37750864490337677,0.00078125,True
trial,43,43,42,946.7198272933869,946.7198272933869,946.0872166317228,946.0872166317228,3836,1918,0,0,3836,1918,168784,84392,191800.0,8439200.0,100.0,False,True,3836,1918,0,0,3836,1918,0.0015625,241.38405850596396,-1.2038995859910455,-1.2038995859910455,-1.2038995859910455,False,-0.5254679618012661,0.0015625,False
trial,44,44,44,946.0723147520059,946.0723147520059,946.0723147520059,946.0723147520059,3836,1918,0,0,3836,1918,172620,86310,191800.0,8631000.0,100.0,False,True,3836,1918,0,0,3836,1918,0.00078125,241.38405850596396,0.052076967323095726,0.052076967323095726,0.052076967323095726,False,-0.28615106606298335,0.00078125,True
trial,45,45,44,946.5219098886109,946.5219098886109,946.0723147520059,946.0723147520059,3836,1918,0,0,3836,1918,176456,88228,191800.0,8822800.0,100.0,False,True,3836,1918,0,0,3836,1918,0.0015625,222.089721061633,-0.6626897147716468,-0.6626897147716468,-0.6626897147716468,False,-0.6784398891115068,0.0015625,False
trial,46,46,46,945.9643378067544,945.9643378067544,945.9643378067544,945.9643378067544,3836,1918,0,0,3836,1918,180292,90146,191800.0,9014600.0,100.0,False,True,3836,1918,0,0,3836,1918,0.00078125,222.089721061633,0.2899662158849366,0.2899662158849366,0.2899662158849366,False,-0.3723776748334739,0.00078125,True
trial,47,47,46,946.6150934197493,946.6150934197493,945.9643378067544,945.9643378067544,3836,1918,0,0,3836,1918,184128,92064,191800.0,9206400.0,100.0,False,True,3836,1918,0,0,3836,1918,0.0015625,237.94690519564008,-1.2429220571221922,-1.2429220571221922,-1.2429220571221922,False,-0.5235691242792944,0.0015625,False
trial,48,48,48,945.9497568722254,945.9497568722254,945.9497568722254,945.9497568722254,3836,1918,0,0,3836,1918,187964,93982,191800.0,9398200.0,100.0,False,True,3836,1918,0,0,3836,1918,0.00078125,237.94690519564008,0.05105325006261319,0.05105325006261319,0.05105325006261319,False,-0.285602474105748,0.00078125,True
trial,49,49,48,946.387726452082,946.387726452082,945.9497568722254,945.9497568722254,3836,1918,0,0,3836,1918,191800,95900,191800.0,9590000.0,100.0,False,True,3836,1918,0,0,3836,1918,0.0015625,224.16435749262837,-0.6513272573024941,-0.6513272573024941,-0.6513272573024941,False,-0.6724263032848847,0.0015625,False
trial,50,50,50,945.8440832849581,945.8440832849581,945.8440832849581,945.8440832849581,3836,1918,0,0,3836,1918,195636,97818,191800.0,9781800.0,100.0,False,True,3836,1918,0,0,3836,1918,0.00078125,224.16435749262837,0.28537049087461736,0.28537049087461736,0.28537049087461736,False,-0.37030313450936553,0.00078125,True
trial,51,51,50,946.4624161886168,946.4624161886168,945.8440832849581,945.8440832849581,3836,1918,0,0,3836,1918,199472,99736,191800.0,9973600.0,100.0,False,True,3836,1918,0,0,3836,1918,0.0015625,238.58380855435,-1.1984355550731518,-1.1984355550731518,-1.1984355550731518,False,-0.5159500659348916,0.0015625,False
trial,52,52,52,945.8315495918592,945.8315495918592,945.8315495918592,945.8315495918592,3836,1918,0,0,3836,1918,203308,101654,191800.0,10165400.0,100.0,False,True,3836,1918,0,0,3836,1918,0.00078125,238.58380855435,0.04424219254787654,0.04424219254787654,0.04424219254787654,False,-0.28329728652696445,0.00078125,True
trial,53,53,53,945.7006548179309,945.7006548179309,945.7006548179309,945.7006548179309,3836,1918,0,0,3836,1918,207144,103572,191800.0,10357200.0,100.0,False,True,3836,1918,0,0,3836,1918,0.000390625,225.01517921647255,0.6716910643663608,0.6716910643663608,0.6716910643663608,False,-0.19487347810986425,0.000390625,True
trial,54,54,53,945.8539601341289,945.8539601341289,945.7006548179309,945.7006548179309,3836,1918,0,0,3836,1918,210980,105490,191800.0,10549000.0,100.0,False,True,3836,1918,0,0,3836,1918,0.00078125,101.29553204515437,-0.9862254837673814,-0.9862254837673814,-0.9862254837673814,False,-0.15544651676654817,0.00078125,False
trial,55,55,55,945.6976144045551,945.6976144045551,945.6976144045551,945.6976144045551,3836,1918,0,0,3836,1918,214816,107408,191800.0,10740800.0,100.0,False,True,3836,1918,0,0,3836,1918,0.000390625,101.29553204515437,0.03795140099784569,0.03795140099784569,0.03795140099784569,False,-0.08011333694678333,0.000390625,True
trial,56,56,56,945.6512348492442,945.6512348492442,945.6512348492442,945.6512348492442,3836,1918,0,0,3836,1918,218652,109326,191800.0,10932600.0,100.0,False,True,3836,1918,0,0,3836,1918,0.0001953125,107.31422820683903,0.7100248448423336,0.7100248448423336,0.7100248448423336,False,-0.06532103157765252,0.0001953125,True
trial,57,57,56,945.657369321201,945.657369321201,945.6512348492442,945.6512348492442,3836,1918,0,0,3836,1918,222488,111244,191800.0,11124400.0,100.0,False,True,3836,1918,0,0,3836,1918,0.000390625,64.41644465522458,-0.10267403417438264,-0.10267403417438264,-0.10267403417438264,False,-0.0597470626932349,0.000390625,False
trial,58,58,58,945.6385128739983,945.6385128739983,945.6385128739983,945.6385128739983,3836,1918,0,0,3836,1918,226324,113162,191800.0,11316200.0,100.0,False,True,3836,1918,0,0,3836,1918,0.0001953125,64.41644465522458,0.4191915228358691,0.4191915228358691,0.4191915228358691,False,-0.030348837113712904,0.0001953125,True
trial,59,59,58,945.6535744653223,945.6535744653223,945.6385128739983,945.6385128739983,3836,1918,0,0,3836,1918,230160,115080,191800.0,11508000.0,100.0,False,True,3836,1918,0,0,3836,1918,0.000390625,52.91591455159335,-0.23570444862644488,-0.23570444862644488,-0.23570444862644488,False,-0.06390032692144991,0.000390625,False
trial,60,60,60,945.6258833325718,945.6258833325718,945.6258833325718,945.6258833325718,3836,1918,0,0,3836,1918,233996,116998,191800.0,11699800.0,100.0,False,True,3836,1918,0,0,3836,1918,0.0001953125,52.91591455159335,0.3907098534138251,0.3907098534138251,0.3907098534138251,False,-0.03232460434799039,0.0001953125,True
trial,61,61,60,945.63965830451,945.63965830451,945.6258833325718,945.6258833325718,3836,1918,0,0,3836,1918,237832,118916,191800.0,11891600.0,100.0,False,True,3836,1918,0,0,3836,1918,0.000390625,56.049499073807745,-0.21298120673035936,-0.21298120673035936,-0.21298120673035936,False,-0.0646769362879621,0.000390625,False
trial,62,62,62,945.6126692353263,945.6126692353263,945.6126692353263,945.6126692353263,3836,1918,0,0,3836,1918,241668,120834,191800.0,12083400.0,100.0,False,True,3836,1918,0,0,3836,1918,0.0001953125,56.049499073807745,0.4031807163796768,0.4031807163796768,0.4031807163796768,False,-0.032774626138283046,0.0001953125,True
trial,63,63,62,945.6293072026559,945.6293072026559,945.6126692353263,945.6126692353263,3836,1918,0,0,3836,1918,245504,122752,191800.0,12275200.0,100.0,False,True,3836,1918,0,0,3836,1918,0.000390625,52.099586982848265,-0.26776778037738774,-0.26776778037738774,-0.26776778037738774,False,-0.06213580777416162,0.000390625,False
trial,64,64,64,945.6008689976386,945.6008689976386,945.6008689976386,945.6008689976386,3836,1918,0,0,3836,1918,249340,124670,191800.0,12467000.0,100.0,False,True,3836,1918,0,0,3836,1918,0.0001953125,52.099586982848265,0.37508371500045135,0.37508371500045135,0.37508371500045135,False,-0.0314602773081365,0.0001953125,True
trial,65,65,64,945.6162142096177,945.6162142096177,945.6008689976386,945.6008689976386,3836,1918,0,0,3836,1918,253176,126588,191800.0,12658800.0,100.0,False,True,3836,1918,0,0,3836,1918,0.000390625,53.92966724404644,-0.24334870069675477,-0.24334870069675477,-0.24334870069675477,False,-0.06305853261267412,0.000390625,False
trial,66,66,66,945.5884768854145,945.5884768854145,945.5884768854145,945.5884768854145,3836,1918,0,0,3836,1918,257012,128506,191800.0,12850600.0,100.0,False,True,3836,1918,0,0,3836,1918,0.0001953125,53.92966724404644,0.38760171324654574,0.38760171324654574,0.38760171324654574,False,-0.031971252449644307,0.0001953125,True
trial,67,67,66,945.6067493749377,945.6067493749377,945.5884768854145,945.5884768854145,3836,1918,0,0,3836,1918,260848,130424,191800.0,13042400.0,100.0,False,True,3836,1918,0,0,3836,1918,0.000390625,50.667506001587626,-0.3025709185077977,-0.3025709185077977,-0.3025709185077977,False,-0.06039076595128435,0.000390625,False
trial,68,68,68,945.5775421340747,945.5775421340747,945.5775421340747,945.5775421340747,3836,1918,0,0,3836,1918,264684,132342,191800.0,13234200.0,100.0,False,True,3836,1918,0,0,3836,1918,0.0001953125,50.667506001587626,0.35779879386193375,0.35779879386193375,0.35779879386193375,False,-0.030561174401140926,0.0001953125,True
trial,69,69,68,945.5940231095767,945.5940231095767,945.5775421340747,945.5775421340747,3836,1918,0,0,3836,1918,268520,134260,191800.0,13426000.0,100.0,False,True,3836,1918,0,0,3836,1918,0.000390625,52.25497852099114,-0.2692253138678075,-0.2692253138678075,-0.2692253138678075,False,-0.06121629227649668,0.000390625,False
trial,70,70,70,945.566039337509,945.566039337509,945.566039337509,945.566039337509,3836,1918,0,0,3836,1918,272356,136178,191800.0,13617800.0,100.0,False,True,3836,1918,0,0,3836,1918,0.0001953125,52.25497852099114,0.3706251006474433,0.3706251006474433,0.3706251006474433,False,-0.031036204902664174,0.0001953125,True
trial,71,71,70,945.5862055077232,945.5862055077232,945.566039337509,945.566039337509,3836,1918,0,0,3836,1918,276192,138096,191800.0,13809600.0,100.0,False,True,3836,1918,0,0,3836,1918,0.000390625,48.79770385333267,-0.3449691552645082,-0.3449691552645082,-0.3449691552645082,False,-0.058457893717373165,0.000390625,False
trial,72,72,72,945.5560374179245,945.5560374179245,945.5560374179245,945.5560374179245,3836,1918,0,0,3836,1918,280028,140014,191800.0,14001400.0,100.0,False,True,3836,1918,0,0,3836,1918,0.0001953125,48.79770385333267,0.33789157215313925,0.33789157215313925,0.33789157215313925,False,-0.029600973829491128,0.0001953125,True
trial,73,73,72,945.5737589959001,945.5737589959001,945.5560374179245,945.5560374179245,3836,1918,0,0,3836,1918,283864,141932,191800.0,14193200.0,100.0,False,True,3836,1918,0,0,3836,1918,0.000390625,51.314251357833925,-0.29887387854707265,-0.29887387854707265,-0.29887387854707265,False,-0.05929450262360107,0.000390625,False
trial,74,74,74,945.5455348533123,945.5455348533123,945.5455348533123,945.5455348533123,3836,1918,0,0,3836,1918,287700,143850,191800.0,14385000.0,100.0,False,True,3836,1918,0,0,3836,1918,0.0001953125,51.314251357833925,0.3490715535544888,0.3490715535544888,0.3490715535544888,False,-0.030087139743071128,0.0001953125,True
trial,75,75,74,945.5673121196342,945.5673121196342,945.5455348533123,945.5455348533123,3836,1918,0,0,3836,1918,291536,145768,191800.0,14576800.0,100.0,False,True,3836,1918,0,0,3836,1918,0.000390625,48.08155256798969,-0.38397253439045403,-0.38397253439045403,-0.38397253439045403,False,-0.056715687637337066,0.000390625,False
trial,76,76,76,945.5364549176752,945.5364549176752,945.5364549176752,945.5364549176752,3836,1918,0,0,3836,1918,295372,147686,191800.0,14768600.0,100.0,False,True,3836,1918,0,0,3836,1918,0.0001953125,48.08155256798969,0.3167019169152177,0.3167019169152177,0.3167019169152177,False,-0.028670289480997986,0.0001953125,True
trial,77,77,76,945.5561714033972,945.5561714033972,945.5364549176752,945.5364549176752,3836,1918,0,0,3836,1918,299208,149604,191800.0,14960400.0,100.0,False,True,3836,1918,0,0,3836,1918,0.000390625,50.8142266493679,-0.34270539006727396,-0.34270539006727396,-0.34270539006727396,False,-0.05753188100764411,0.000390625,False
trial,78,78,78,945.5268991932955,945.5268991932955,945.5268991932955,945.5268991932955,3836,1918,0,0,3836,1918,303044,151522,191800.0,15152200.0,100.0,False,True,3836,1918,0,0,3836,1918,0.0001953125,50.8142266493679,0.32865622538388484,0.32865622538388484,0.32865622538388484,False,-0.029075135785091293,0.0001953125,True
trial,79,79,78,945.5501287482875,945.5501287482875,945.5268991932955,945.5268991932955,3836,1918,0,0,3836,1918,306880,153440,191800.0,15344000.0,100.0,False,True,3836,1918,0,0,3836,1918,0.000390625,47.58836661076204,-0.42153645249344934,-0.42153645249344934,-0.42153645249344934,False,-0.05510687119602405,0.000390625,False
trial,80,80,80,945.5186338851706,945.5186338851706,945.5186338851706,945.5186338851706,3836,1918,0,0,3836,1918,310716,155358,191800.0,15535800.0,100.0,False,True,3836,1918,0,0,3836,1918,0.0001953125,47.58836661076204,0.2971921942584715,0.2971921942584715,0.2971921942584715,False,-0.027811323058272074,0.0001953125,True
trial,81,81,80,945.5401635877093,945.5401635877093,945.5186338851706,945.5186338851706,3836,1918,0,0,3836,1918,314552,157276,191800.0,15727600.0,100.0,False,True,3836,1918,0,0,3836,1918,0.000390625,50.32027975036059,-0.38369658812481927,-0.38369658812481927,-0.38369658812481927,False,-0.05611126917738106,0.000390625,False
trial,82,82,82,945.5097619496792,945.5097619496792,945.5097619496792,945.5097619496792,3836,1918,0,0,3836,1918,318388,159194,191800.0,15919400.0,100.0,False,True,3836,1918,0,0,3836,1918,0.0001953125,50.32027975036059,0.3133313522990693,0.3133313522990693,0.3133313522990693,False,-0.028314866758057562,0.0001953125,True
trial,83,83,82,945.5348593335802,945.5348593335802,945.5097619496792,945.5097619496792,3836,1918,0,0,3836,1918,322224,161112,191800.0,16111200.0,100.0,False,True,3836,1918,0,0,3836,1918,0.000390625,46.81721315537921,-0.4699037225850624,-0.4699037225850624,-0.4699037225850624,False,-0.05340962987698146,0.000390625,False
trial,84,84,84,945.5022687956407,945.5022687956407,945.5022687956407,945.5022687956407,3836,1918,0,0,3836,1918,326060,163030,191800.0,16303000.0,100.0,False,True,3836,1918,0,0,3836,1918,0.0001953125,46.81721315537921,0.2770487562311903,0.2770487562311903,0.2770487562311903,False,-0.02704633704330367,0.0001953125,True
trial,85,85,84,945.5253138089928,945.5253138089928,945.5022687956407,945.5022687956407,3836,1918,0,0,3836,1918,329896,164948,191800.0,16494800.0,100.0,False,True,3836,1918,0,0,3836,1918,0.000390625,49.31819811215862,-0.41638594895715947,-0.41638594895715947,-0.41638594895715947,False,-0.05534531943214058,0.000390625,False
trial,86,86,86,945.4938939891698,945.4938939891698,945.4938939891698,945.4938939891698,3836,1918,0,0,3836,1918,333732,166866,191800.0,16686600.0,100.0,False,True,3836,1918,0,0,3836,1918,0.0001953125,49.31819811215862,0.3001467822215079,0.3001467822215079,0.3001467822215079,False,-0.027902369663641638,0.0001953125,True
trial,87,87,86,945.5204360245832,945.5204360245832,945.4938939891698,945.4938939891698,3836,1918,0,0,3836,1918,337568,168784,191800.0,16878400.0,100.0,False,True,3836,1918,0,0,3836,1918,0.000390625,45.97769944111491,-0.5110173784526467,-0.5110173784526467,-0.5110173784526467,False,-0.05193959448848548,0.000390625,False
trial,88,88,88,945.4871571975095,945.4871571975095,945.4871571975095,945.4871571975095,3836,1918,0,0,3836,1918,341404,170702,191800.0,17070200.0,100.0,False,True,3836,1918,0,0,3836,1918,0.0001953125,45.97769944111491,0.2562640935584807,0.2562640935584807,0.2562640935584807,False,-0.026288472827879977,0.0001953125,True
trial,89,89,88,945.5110869107287,945.5110869107287,945.4871571975095,945.4871571975095,3836,1918,0,0,3836,1918,345240,172620,191800.0,17262000.0,100.0,False,True,3836,1918,0,0,3836,1918,0.000390625,48.60139801070027,-0.4393070181766561,-0.4393070181766561,-0.4393070181766561,False,-0.05447150222761761,0.000390625,False
trial,90,90,90,945.4792129345874,945.4792129345874,945.4792129345874,945.4792129345874,3836,1918,0,0,3836,1918,349076,174538,191800.0,17453800.0,100.0,False,True,3836,1918,0,0,3836,1918,0.0001953125,48.60139801070027,0.2893665349452808,0.2893665349452808,0.2893665349452808,False,-0.02745397951300702,0.0001953125,True
trial,91,91,90,945.5070346355881,945.5070346355881,945.4792129345874,945.4792129345874,3836,1918,0,0,3836,1918,352912,176456,191800.0,17645600.0,100.0,False,True,3836,1918,0,0,3836,1918,0.000390625,45.24758512975701,-0.5495331079339818,-0.5495331079339818,-0.5495331079339818,False,-0.05062788865492334,0.000390625,False
trial,92,92,92,945.4731351452235,945.4731351452235,945.4731351452235,945.4731351452235,3836,1918,0,0,3836,1918,356748,178374,191800.0,17837400.0,100.0,False,True,3836,1918,0,0,3836,1918,0.0001953125,45.24758512975701,0.23720004333476608,0.23720004333476608,0.23720004333476608,False,-0.02562305334528864,0.0001953125,True
trial,93,93,92,945.4976674850379,945.4976674850379,945.4731351452235,945.4731351452235,3836,1918,0,0,3836,1918,360584,180292,191800.0,18029200.0,100.0,False,True,3836,1918,0,0,3836,1918,0.000390625,48.02144605104165,-0.4563618851661972,-0.4563618851661972,-0.4563618851661972,False,-0.05375632937768141,0.000390625,False
trial,94,94,94,945.4655371383192,945.4655371383192,945.4655371383192,945.4655371383192,3836,1918,0,0,3836,1918,364420,182210,191800.0,18221000.0,100.0,False,True,3836,1918,0,0,3836,1918,0.0001953125,48.02144605104165,0.2804160880210411,0.2804160880210411,0.2804160880210411,False,-0.027095474293098304,0.0001953125,True
trial,95,95,94,945.4945454019196,945.4945454019196,945.4655371383192,945.4655371383192,3836,1918,0,0,3836,1918,368256,184128,191800.0,18412800.0,100.0,False,True,3836,1918,0,0,3836,1918,0.000390625,44.6798567687425,-0.586387682728198,-0.586387682728198,-0.586387682728198,False,-0.04946942859620584,0.000390625,False
trial,96,96,96,945.4600705180958,945.4600705180958,945.4600705180958,945.4600705180958,3836,1918,0,0,3836,1918,372092,186046,191800.0,18604600.0,100.0,False,True,3836,1918,0,0,3836,1918,0.0001953125,44.6798567687425,0.21858123275059763,0.21858123275059763,0.21858123275059763,False,-0.025009558938781134,0.0001953125,True
trial,97,97,96,945.4852892703469,945.4852892703469,945.4600705180958,945.4600705180958,3836,1918,0,0,3836,1918,375928,187964,191800.0,18796400.0,100.0,False,True,3836,1918,0,0,3836,1918,0.000390625,47.56261794172383,-0.4744513781753075,-0.4744513781753075,-0.4744513781753075,False,-0.05315350194180844,0.000390625,False
trial,98,98,98,945.4527974854154,945.4527974854154,945.4527974854154,945.4527974854154,3836,1918,0,0,3836,1918,379764,189882,191800.0,18988200.0,100.0,False,True,3836,1918,0,0,3836,1918,0.0001953125,47.56261794172383,0.27170092094411596,0.27170092094411596,0.27170092094411596,False,-0.0267685242106902,0.0001953125,True
trial,99,99,98,945.4812816240683,945.4812816240683,945.4527974854154,945.4527974854154,3836,1918,0,0,3836,1918,383600,191800,191800.0,19180000.0,100.0,False,True,3836,1918,0,0,3836,1918,0.000390625,44.26260794918723,-0.58892251761854,-0.58892251761854,-0.58892251761854,False,-0.04836653006246031,0.000390625,False
trial,100,100,100,945.4479129327174,945.4479129327174,945.4479129327174,945.4479129327174,3836,1918,0,0,3836,1918,387436,193718,191800.0,19371800.0,100.0,False,True,3836,1918,0,0,3836,1918,0.0001953125,44.26260794918723,0.19992883835216857,0.19992883835216857,0.19992883835216857,False,-0.02443145640377578,0.0001953125,True
trial,101,101,100,945.4737514568842,945.4737514568842,945.4479129327174,945.4479129327174,3836,1918,0,0,3836,1918,391272,195636,191800.0,19563600.0,100.0,False,True,3836,1918,0,0,3836,1918,0.000390625,47.981170479857205,-0.4920037431453521,-0.4920037431453521,-0.4920037431453521,False,-0.052516925992564766,0.000390625,False
trial,102,102,102,945.4409763176893,945.4409763176893,945.4409763176893,945.4409763176893,3836,1918,0,0,3836,1918,395108,197554,191800.0,19755400.0,100.0,False,True,3836,1918,0,0,3836,1918,0.0001953125,47.981170479857205,0.2623742897399341,0.2623742897399341,0.2623742897399341,False,-0.026437861098846882,0.0001953125,True
trial,103,103,102,945.4713607650361,945.4713607650361,945.4409763176893,945.4409763176893,3836,1918,0,0,3836,1918,398944,199472,191800.0,19947200.0,100.0,False,True,3836,1918,0,0,3836,1918,0.000390625,43.79665354932665,-0.634589005770237,-0.634589005770237,-0.634589005770237,False,-0.04788051332521833,0.000390625,False
trial,104,104,104,945.436389846464,945.436389846464,945.436389846464,945.436389846464,3836,1918,0,0,3836,1918,402780,201390,191800.0,20139000.0,100.0,False,True,3836,1918,0,0,3836,1918,0.0001953125,43.79665354932665,0.19042481491493726,0.19042481491493726,0.19042481491493726,False,-0.02408547030708585,0.0001953125,True
trial,105,105,104,945.4628867348952,945.4628867348952,945.436389846464,945.436389846464,3836,1918,0,0,3836,1918,406616,203308,191800.0,20330800.0,100.0,False,True,3836,1918,0,0,3836,1918,0.000390625,47.16470156178336,-0.5092035873436686,-0.5092035873436686,-0.5092035873436686,False,-0.05203594218460995,0.000390625,False
trial,106,106,106,945.4298043401812,945.4298043401812,945.4298043401812,945.4298043401812,3836,1918,0,0,3836,1918,410452,205226,191800.0,20522600.0,100.0,False,True,3836,1918,0,0,3836,1918,0.0001953125,47.16470156178336,0.2517349241462252,0.2517349241462252,0.2517349241462252,False,-0.026160479341669426,0.0001953125,True
trial,107,107,106,945.4602592867445,945.4602592867445,945.4298043401812,945.4298043401812,3836,1918,0,0,3836,1918,414288,207144,191800.0,20714400.0,100.0,False,True,3836,1918,0,0,3836,1918,0.000390625,43.619617072337164,-0.6370611612767063,-0.6370611612767063,-0.6370611612767063,False,-0.04780537319564156,0.000390625,False
trial,108,108,108,945.4252639860515,945.4252639860515,945.4252639860515,945.4252639860515,3836,1918,0,0,3836,1918,418124,209062,191800.0,20906200.0,100.0,False,True,3836,1918,0,0,3836,1918,0.0001953125,43.619617072337164,0.1889228444145423,0.1889228444145423,0.1889228444145423,False,-0.024032848668009657,0.0001953125,True
trial,109,109,108,945.4522080660805,945.4522080660805,945.4252639860515,945.4252639860515,3836,1918,0,0,3836,1918,421960,210980,191800.0,21098000.0,100.0,False,True,3836,1918,0,0,3836,1918,0.000390625,46.7434725492015,-0.5223423869062798,-0.5223423869062798,-0.5223423869062798,False,-0.05158317744151531,0.000390625,False
trial,110,110,110,945.4188947496357,945.4188947496357,945.4188947496357,945.4188947496357,3836,1918,0,0,3836,1918,425796,212898,191800.0,21289800.0,100.0,False,True,3836,1918,0,0,3836,1918,0.0001953125,46.7434725492015,0.24553086234783733,0.24553086234783733,0.24553086234783733,False,-0.025940675460986645,0.0001953125,True
trial,111,111,110,945.4494069198022,945.4494069198022,945.4188947496357,945.4188947496357,3836,1918,0,0,3836,1918,429632,214816,191800.0,21481600.0,100.0,False,True,3836,1918,0,0,3836,1918,0.000390625,43.13818210951689,-0.6394718531588444,-0.6394718531588444,-0.6394718531588444,False,-0.047714641411939956,0.000390625,False
trial,112,112,112,945.4143893618568,945.4143893618568,945.4143893618568,945.4143893618568,3836,1918,0,0,3836,1918,433468,216734,191800.0,21673400.0,100.0,False,True,3836,1918,0,0,3836,1918,0.0001953125,43.13818210951689,0.18782445114037508,0.18782445114037508,0.18782445114037508,False,-0.023987227176806788,0.0001953125,True
trial,113,113,112,945.4418089552734,945.4418089552734,945.4143893618568,945.4143893618568,3836,1918,0,0,3836,1918,437304,218652,191800.0,21865200.0,100.0,False,True,3836,1918,0,0,3836,1918,0.000390625,46.35850040912496,-0.5358774528149165,-0.5358774528149165,-0.5358774528149165,False,-0.051167656471654895,0.000390625,False
trial,114,114,114,945.4082301559571,945.4082301559571,945.4082301559571,945.4082301559571,3836,1918,0,0,3836,1918,441140,220570,191800.0,22057000.0,100.0,False,True,3836,1918,0,0,3836,1918,0.0001953125,46.35850040912496,0.23934071717310573,0.23934071717310573,0.23934071717310573,False,-0.02573404965307316,0.0001953125,True
trial,115,115,114,945.4388125820306,945.4388125820306,945.4082301559571,945.4082301559571,3836,1918,0,0,3836,1918,444976,222488,191800.0,22248800.0,100.0,False,True,3836,1918,0,0,3836,1918,0.000390625,42.89594984889394,-0.6419524073807206,-0.6419524073807206,-0.6419524073807206,False,-0.04763970930220045,0.000390625,False
trial,116,116,116,945.4037415085435,945.4037415085435,945.4037415085435,945.4037415085435,3836,1918,0,0,3836,1918,448812,224406,191800.0,22440600.0,100.0,False,True,3836,1918,0,0,3836,1918,0.0001953125,42.89594984889394,0.18728173545118024,0.18728173545118024,0.18728173545118024,False,-0.023967352730876926,0.0001953125,True
trial,117,117,116,945.4316542001283,945.4316542001283,945.4037415085435,945.4037415085435,3836,1918,0,0,3836,1918,452648,226324,191800.0,22632400.0,100.0,False,True,3836,1918,0,0,3836,1918,0.000390625,46.02870799064535,-0.5499446625910801,-0.5499446625910801,-0.5499446625910801,False,-0.050755455018468246,0.000390625,False
trial,118,118,118,945.3978115505148,945.3978115505148,945.3978115505148,945.3978115505148,3836,1918,0,0,3836,1918,456484,228242,191800.0,22824200.0,100.0,False,True,3836,1918,0,0,3836,1918,0.0001953125,46.02870799064535,0.2324339892727002,0.2324339892727002,0.2324339892727002,False,-0.025512439240184048,0.0001953125,True
trial,119,119,118,945.4285132308287,945.4285132308287,945.3978115505148,945.3978115505148,3836,1918,0,0,3836,1918,460320,230160,191800.0,23016000.0,100.0,False,True,3836,1918,0,0,3836,1918,0.000390625,42.59477537820687,-0.6454259550990237,-0.6454259550990237,-0.6454259550990237,False,-0.047568090609513586,0.000390625,False
trial,120,120,120,945.3933639482303,945.3933639482303,945.3933639482303,945.3933639482303,3836,1918,0,0,3836,1918,464156,232078,191800.0,23207800.0,100.0,False,True,3836,1918,0,0,3836,1918,0.0001953125,42.59477537820687,0.1858585032697487,0.1858585032697487,0.1858585032697487,False,-0.023930044664229554,0.0001953125,True
trial,121,121,120,945.4219058172577,945.4219058172577,945.3933639482303,945.3933639482303,3836,1918,0,0,3836,1918,467992,233996,191800.0,23399600.0,100.0,False,True,3836,1918,0,0,3836,1918,0.000390625,45.79499618957626,-0.5687977092943437,-0.5687977092943437,-0.5687977092943437,False,-0.050179296718214896,0.000390625,False
trial,122,122,122,945.3877345170961,945.3877345170961,945.3877345170961,945.3877345170961,3836,1918,0,0,3836,1918,471828,235914,191800.0,23591400.0,100.0,False,True,3836,1918,0,0,3836,1918,0.0001953125,45.79499618957626,0.22319456868820303,0.22319456868820303,0.22319456868820303,False,-0.025222079405152528,0.0001953125,True
trial,123,123,122,945.4186508798094,945.4186508798094,945.3877345170961,945.3877345170961,3836,1918,0,0,3836,1918,475664,237832,191800.0,23783200.0,100.0,False,True,3836,1918,0,0,3836,1918,0.000390625,42.42138655040731,-0.6524509921960812,-0.6524509921960812,-0.6524509921960812,False,-0.047384957771762326,0.000390625,False
trial,124,124,124,945.3833890954622,945.3833890954622,945.3833890954622,945.3833890954622,3836,1918,0,0,3836,1918,479500,239750,191800.0,23975000.0,100.0,False,True,3836,1918,0,0,3836,1918,0.0001953125,42.42138655040731,0.18235548527470732,0.18235548527470732,0.18235548527470732,False,-0.02382939908441529,0.0001953125,True
trial,125,125,124,945.4125263893518,945.4125263893518,945.3833890954622,945.3833890954622,3836,1918,0,0,3836,1918,483336,241668,191800.0,24166800.0,100.0,False,True,3836,1918,0,0,3836,1918,0.000390625,45.7927669388918,-0.5879769397058147,-0.5879769397058147,-0.5879769397058147,False,-0.04955516436433781,0.000390625,False
trial,126,126,126,945.3780646646121,945.3780646646121,945.3780646646121,945.3780646646121,3836,1918,0,0,3836,1918,487172,243586,191800.0,24358600.0,100.0,False,True,3836,1918,0,0,3836,1918,0.0001953125,45.7927669388918,0.21371355950226442,0.21371355950226442,0.21371355950226442,False,-0.024913865374401045,0.0001953125,True
trial,127,127,126,945.4090952965331,945.4090952965331,945.3780646646121,945.3780646646121,3836,1918,0,0,3836,1918,491008,245504,191800.0,24550400.0,100.0,False,True,3836,1918,0,0,3836,1918,0.000390625,42.02425342336231,-0.6577384740299792,-0.6577384740299792,-0.6577384740299792,False,-0.047177766158140504,0.000390625,False
trial,128,128,128,945.3738133608358,945.3738133608358,945.3738133608358,945.3738133608358,3836,1918,0,0,3836,1918,494844,247422,191800.0,24742200.0,100.0,False,True,3836,1918,0,0,3836,1918,0.0001953125,42.02425342336231,0.17918727021975497,0.17918727021975497,0.17918727021975497,False,-0.023725478774727287,0.0001953125,True
trial,129,129,128,945.4034645163163,945.4034645163163,945.3738133608358,945.3738133608358,3836,1918,0,0,3836,1918,498680,249340,191800.0,24934000.0,100.0,False,True,3836,1918,0,0,3836,1918,0.000390625,45.21949556223639,-0.6057568367472952,-0.6057568367472952,-0.6057568367472952,False,-0.048948940699815306,0.000390625,False
trial,130,130,130,945.3687899818226,945.3687899818226,945.3687899818226,945.3687899818226,3836,1918,0,0,3836,1918,502516,251258,191800.0,25125800.0,100.0,False,True,3836,1918,0,0,3836,1918,0.0001953125,45.21949556223639,0.20414424221275634,0.20414424221275634,0.20414424221275634,False,-0.02460700805842179,0.0001953125,True
trial,131,131,130,945.3999934438307,945.3999934438307,945.3687899818226,945.3687899818226,3836,1918,0,0,3836,1918,506352,253176,191800.0,25317600.0,100.0,False,True,3836,1918,0,0,3836,1918,0.000390625,41.86405325658705,-0.6639488142151819,-0.6639488142151819,-0.6639488142151819,False,-0.04699678851744524,0.000390625,False
trial,132,132,132,945.3646214486951,945.3646214486951,945.3646214486951,945.3646214486951,3836,1918,0,0,3836,1918,510188,255094,191800.0,25509400.0,100.0,False,True,3836,1918,0,0,3836,1918,0.0001953125,41.86405325658705,0.17633469689686365,0.17633469689686365,0.17633469689686365,False,-0.023639891642984013,0.0001953125,True
trial,133,133,132,945.3941669880239,945.3941669880239,945.3646214486951,945.3646214486951,3836,1918,0,0,3836,1918,514024,257012,191800.0,25701200.0,100.0,False,True,3836,1918,0,0,3836,1918,0.000390625,44.822480023460855,-0.609818129073585,-0.609818129073585,-0.609818129073585,False,-0.04844975562427017,0.000390625,False
trial,134,134,134,945.3597525126465,945.3597525126465,945.3597525126465,945.3597525126465,3836,1918,0,0,3836,1918,517860,258930,191800.0,25893000.0,100.0,False,True,3836,1918,0,0,3836,1918,0.0001953125,44.822480023460855,0.19991738944855292,0.19991738944855292,0.19991738944855292,False,-0.024354740035143867,0.0001953125,True
trial,135,135,134,945.3916339409583,945.3916339409583,945.3597525126465,945.3597525126465,3836,1918,0,0,3836,1918,521696,260848,191800.0,26084800.0,100.0,False,True,3836,1918,0,0,3836,1918,0.000390625,41.64299855113376,-0.6824698652593572,-0.6824698652593572,-0.6824698652593572,False,-0.0467147780944631,0.000390625,False
trial,136,136,136,945.355826090726,945.355826090726,945.355826090726,945.355826090726,3836,1918,0,0,3836,1918,525532,262766,191800.0,26276600.0,100.0,False,True,3836,1918,0,0,3836,1918,0.0001953125,41.64299855113376,0.16713728956577295,0.16713728956577295,0.16713728956577295,False,-0.02349219573132586,0.0001953125,True
trial,137,137,136,945.3858755216106,945.3858755216106,945.355826090726,945.355826090726,3836,1918,0,0,3836,1918,529368,264684,191800.0,26468400.0,100.0,False,True,3836,1918,0,0,3836,1918,0.000390625,44.54786569463739,-0.6231585283388689,-0.6231585283388689,-0.6231585283388689,False,-0.04822116607255894,0.000390625,False
trial,138,138,138,945.3510477990601,945.3510477990601,945.3510477990601,945.3510477990601,3836,1918,0,0,3836,1918,533204,266602,191800.0,26660200.0,100.0,False,True,3836,1918,0,0,3836,1918,0.0001953125,44.54786569463739,0.19698317781609714,0.19698317781609714,0.19698317781609714,False,-0.024257359023916805,0.0001953125,True
trial,139,139,138,945.3835998038805,945.3835998038805,945.3510477990601,945.3510477990601,3836,1918,0,0,3836,1918,537040,268520,191800.0,26852000.0,100.0,False,True,3836,1918,0,0,3836,1918,0.000390625,41.29605371240055,-0.7063259164669821,-0.7063259164669821,-0.7063259164669821,False,-0.04608638032605302,0.000390625,False
trial,140,140,140,945.3474326645838,945.3474326645838,945.3474326645838,945.3474326645838,3836,1918,0,0,3836,1918,540876,270438,191800.0,27043800.0,100.0,False,True,3836,1918,0,0,3836,1918,0.0001953125,41.29605371240055,0.15594429236419513,0.15594429236419513,0.15594429236419513,False,-0.02318221732553114,0.0001953125,True
trial,141,141,140,945.3777121671754,945.3777121671754,945.3474326645838,945.3474326645838,3836,1918,0,0,3836,1918,544712,272356,191800.0,27235600.0,100.0,False,True,3836,1918,0,0,3836,1918,0.000390625,44.3246975170429,-0.6309824941329277,-0.6309824941329277,-0.6309824941329277,False,-0.047987864755614354,0.000390625,False
trial,142,142,142,945.3427800689208,945.3427800689208,945.3427800689208,945.3427800689208,3836,1918,0,0,3836,1918,548548,274274,191800.0,27427400.0,100.0,False,True,3836,1918,0,0,3836,1918,0.0001953125,44.3246975170429,0.1927654503529269,0.1927654503529269,0.1927654503529269,False,-0.02413604540928912,0.0001953125,True
trial,143,143,142,945.3759972330628,945.3759972330628,945.3427800689208,945.3427800689208,3836,1918,0,0,3836,1918,552384,276192,191800.0,27619200.0,100.0,False,True,3836,1918,0,0,3836,1918,0.000390625,41.026749066950664,-0.7312079244502424,-0.7312079244502424,-0.7312079244502424,False,-0.04542779561227553,0.000390625,False
trial,144,144,144,945.3394950573831,945.3394950573831,945.3394950573831,945.3394950573831,3836,1918,0,0,3836,1918,556220,278110,191800.0,27811000.0,100.0,False,True,3836,1918,0,0,3836,1918,0.0001953125,41.026749066950664,0.1437599834399465,0.1437599834399465,0.1437599834399465,False,-0.02285066719557593,0.0001953125,True
trial,145,145,144,945.370042751822,945.370042751822,945.3394950573831,945.3394950573831,3836,1918,0,0,3836,1918,560056,280028,191800.0,28002800.0,100.0,False,True,3836,1918,0,0,3836,1918,0.000390625,44.06156437003814,-0.6398268885241982,-0.6398268885241982,-0.6398268885241982,False,-0.0477436865920056,0.000390625,False
trial,146,146,146,945.3349791354151,945.3349791354151,945.3349791354151,945.3349791354151,3836,1918,0,0,3836,1918,563892,281946,191800.0,28194600.0,100.0,False,True,3836,1918,0,0,3836,1918,0.0001953125,44.06156437003814,0.18818052153491086,0.18818052153491086,0.18818052153491086,False,-0.023997818324741797,0.0001953125,True
trial,147,147,146,945.3688917734626,945.3688917734626,945.3349791354151,945.3349791354151,3836,1918,0,0,3836,1918,567728,283864,191800.0,28386400.0,100.0,False,True,3836,1918,0,0,3836,1918,0.000390625,40.788003221862354,-0.7579436301529164,-0.7579436301529164,-0.7579436301529164,False,-0.04474295541032016,0.000390625,False
trial,148,148,148,945.3320319755098,945.3320319755098,945.3320319755098,945.3320319755098,3836,1918,0,0,3836,1918,571564,285782,191800.0,28578200.0,100.0,False,True,3836,1918,0,0,3836,1918,0.0001953125,40.788003221862354,0.13088793356642076,0.13088793356642076,0.13088793356642076,False,-0.022516666165912944,0.0001953125,True
trial,149,149,148,945.362782830968,945.362782830968,945.3320319755098,945.3320319755098,3836,1918,0,0,3836,1918,575400,287700,191800.0,28770000.0,100.0,False,True,3836,1918,0,0,3836,1918,0.000390625,43.87942164386388,-0.6475810597328066,-0.6475810597328066,-0.6475810597328066,False,-0.04748572398148418,0.000390625,False
trial,150,150,150,945.3276526218358,945.3276526218358,945.3276526218358,945.3276526218358,3836,1918,0,0,3836,1918,579236,289618,191800.0,28961800.0,100.0,False,True,3836,1918,0,0,3836,1918,0.0001953125,43.87942164386388,0.18348333917335105,0.18348333917335105,0.18348333917335105,False,-0.023867854671545972,0.0001953125,True
trial,151,151,150,945.3621233989414,945.3621233989414,945.3276526218358,945.3276526218358,3836,1918,0,0,3836,1918,583072,291536,191800.0,29153600.0,100.0,False,True,3836,1918,0,0,3836,1918,0.000390625,40.460347011501646,-0.7814296275884263,-0.7814296275884263,-0.7814296275884263,False,-0.04411245221405234,0.000390625,False
trial,152,152,152,945.3250337453115,945.3250337453115,945.3250337453115,945.3250337453115,3836,1918,0,0,3836,1918,586908,293454,191800.0,29345400.0,100.0,False,True,3836,1918,0,0,3836,1918,0.0001953125,40.460347011501646,0.1180577316907167,0.1180577316907167,0.1180577316907167,False,-0.02218301577327554,0.0001953125,True
trial,153,153,152,945.3560708011977,945.3560708011977,945.3250337453115,945.3250337453115,3836,1918,0,0,3836,1918,590744,295372,191800.0,29537200.0,100.0,False,True,3836,1918,0,0,3836,1918,0.000390625,43.72330638545815,-0.6560782858597509,-0.6560782858597509,-0.6560782858597509,False,-0.04730693966722712,0.000390625,False
trial,154,154,154,945.3207840471555,945.3207840471555,945.3207840471555,945.3207840471555,3836,1918,0,0,3836,1918,594580,297290,191800.0,29729000.0,100.0,False,True,3836,1918,0,0,3836,1918,0.0001953125,43.72330638545815,0.17881354441734812,0.17881354441734812,0.17881354441734812,False,-0.023766086455622067,0.0001953125,True
trial,155,155,154,945.3557141579209,945.3557141579209,945.3207840471555,945.3207840471555,3836,1918,0,0,3836,1918,598416,299208,191800.0,29920800.0,100.0,False,True,3836,1918,0,0,3836,1918,0.000390625,40.16981335400624,-0.8014105546767119,-0.8014105546767119,-0.8014105546767119,False,-0.04358578828494346,0.000390625,False
trial,156,156,156,945.3184181479213,945.3184181479213,945.3184181479213,945.3184181479213,3836,1918,0,0,3836,1918,602252,301126,191800.0,30112600.0,100.0,False,True,3836,1918,0,0,3836,1918,0.0001953125,40.16981335400624,0.10791456114623582,0.10791456114623582,0.10791456114623582,False,-0.021923818334134832,0.0001953125,True
trial,157,157,156,945.3496606063309,945.3496606063309,945.3184181479213,945.3184181479213,3836,1918,0,0,3836,1918,606088,303044,191800.0,30304400.0,100.0,False,True,3836,1918,0,0,3836,1918,0.000390625,43.44817599270577,-0.6639447287825032,-0.6639447287825032,-0.6639447287825032,False,-0.0470558121108296,0.000390625,False
trial,158,158,158,945.3142869134178,945.3142869134178,945.3142869134178,945.3142869134178,3836,1918,0,0,3836,1918,609924,304962,191800.0,30496200.0,100.0,False,True,3836,1918,0,0,3836,1918,0.0001953125,43.44817599270577,0.17475341635393687,0.17475341635393687,0.17475341635393687,False,-0.023640364747399296,0.0001953125,True
trial,159,159,158,945.3494557091399,945.3494557091399,945.3142869134178,945.3142869134178,3836,1918,0,0,3836,1918,613760,306880,191800.0,30688000.0,100.0,False,True,3836,1918,0,0,3836,1918,0.000390625,39.88029971724971,-0.815925317465878,-0.815925317465878,-0.815925317465878,False,-0.04310295926501877,0.000390625,False
trial,160,160,160,945.312112199513,945.312112199513,945.312112199513,945.312112199513,3836,1918,0,0,3836,1918,617596,308798,191800.0,30879800.0,100.0,False,True,3836,1918,0,0,3836,1918,0.0001953125,39.88029971724971,0.10032849302375818,0.10032849302375818,0.10032849302375818,False,-0.021675935114100278,0.0001953125,True
trial,161,161,160,945.3437179768548,945.3437179768548,945.312112199513,945.312112199513,3836,1918,0,0,3836,1918,621432,310716,191800.0,31071600.0,100.0,False,True,3836,1918,0,0,3836,1918,0.000390625,43.273924322978395,-0.676681597690343,-0.676681597690343,-0.676681597690343,False,-0.04670701471669257,0.000390625,False
trial,162,162,162,945.3081503140737,945.3081503140737,945.3081503140737,945.3081503140737,3836,1918,0,0,3836,1918,625268,312634,191800.0,31263400.0,100.0,False,True,3836,1918,0,0,3836,1918,0.0001953125,43.273924322978395,0.16875634386928853,0.16875634386928853,0.16875634386928853,False,-0.02347695706373929,0.0001953125,True
trial,163,163,162,945.3437663416294,945.3437663416294,945.3081503140737,945.3081503140737,3836,1918,0,0,3836,1918,629104,314552,191800.0,31455200.0,100.0,False,True,3836,1918,0,0,3836,1918,0.000390625,39.73956098370545,-0.8339790384066412,-0.8339790384066412,-0.8339790384066412,False,-0.0427061423794222,0.000390625,False
trial,164,164,164,945.3061847685985,945.3061847685985,945.3061847685985,945.3061847685985,3836,1918,0,0,3836,1918,632940,316470,191800.0,31647000.0,100.0,False,True,3836,1918,0,0,3836,1918,0.0001953125,39.73956098370545,0.09147383560589965,0.09147383560589965,0.09147383560589965,False,-0.021487515661210932,0.0001953125,True
trial,165,165,164,945.3380926158787,945.3380926158787,945.3061847685985,945.3061847685985,3836,1918,0,0,3836,1918,636776,318388,191800.0,31838800.0,100.0,False,True,3836,1918,0,0,3836,1918,0.000390625,43.06596324524267,-0.6874221180164958,-0.6874221180164958,-0.6874221180164958,False,-0.04641667244030854,0.000390625,False
trial,166,166,166,945.3023745518792,945.3023745518792,945.3023745518792,945.3023745518792,3836,1918,0,0,3836,1918,640612,320306,191800.0,32030600.0,100.0,False,True,3836,1918,0,0,3836,1918,0.0001953125,43.06596324524267,0.1633437624824258,0.1633437624824258,0.1633437624824258,False,-0.0233263680315927,0.0001953125,True
trial,167,167,166,945.3383286084004,945.3383286084004,945.3023745518792,945.3023745518792,3836,1918,0,0,3836,1918,644448,322224,191800.0,32222400.0,100.0,False,True,3836,1918,0,0,3836,1918,0.000390625,39.46804169398208,-0.8499715843351355,-0.8499715843351355,-0.8499715843351355,False,-0.042300304132286144,0.000390625,False
trial,168,168,168,945.3006036949973,945.3006036949973,945.3006036949973,945.3006036949973,3836,1918,0,0,3836,1918,648284,324142,191800.0,32414200.0,100.0,False,True,3836,1918,0,0,3836,1918,0.0001953125,39.46804169398208,0.0832254398455512,0.0832254398455512,0.0832254398455512,False,-0.021277831455892647,0.0001953125,True
trial,169,169,168,945.3328174918198,945.3328174918198,945.3006036949973,945.3006036949973,3836,1918,0,0,3836,1918,652120,326060,191800.0,32606000.0,100.0,False,True,3836,1918,0,0,3836,1918,0.000390625,42.85869329713528,-0.6990052285753358,-0.6990052285753358,-0.6990052285753358,False,-0.046085201520067454,0.000390625,False
trial,170,170,170,945.296963875566,945.296963875566,945.296963875566,945.296963875566,3836,1918,0,0,3836,1918,655956,327978,191800.0,32797800.0,100.0,False,True,3836,1918,0,0,3836,1918,0.0001953125,42.85869329713528,0.1572019501730481,0.1572019501730481,0.1572019501730481,False,-0.023153780390899305,0.0001953125,True
trial,171,171,170,945.3332582481528,945.3332582481528,945.296963875566,945.296963875566,3836,1918,0,0,3836,1918,659792,329896,191800.0,32989600.0,100.0,False,True,3836,1918,0,0,3836,1918,0.000390625,39.46015584107728,-0.8655276792265159,-0.8655276792265159,-0.8655276792265159,False,-0.04193323155097189,0.000390625,False
trial,172,172,172,945.2953657472633,945.2953657472633,945.2953657472633,945.2953657472633,3836,1918,0,0,3836,1918,663628,331814,191800.0,33181400.0,100.0,False,True,3836,1918,0,0,3836,1918,0.0001953125,39.46015584107728,0.07575341847804165,0.07575341847804165,0.07575341847804165,False,-0.021096451286437456,0.0001953125,True
trial,173,173,172,945.3279141709543,945.3279141709543,945.2953657472633,945.2953657472633,3836,1918,0,0,3836,1918,667464,333732,191800.0,33373200.0,100.0,False,True,3836,1918,0,0,3836,1918,0.000390625,42.72918889097176,-0.7117093775618931,-0.7117093775618931,-0.7117093775618931,False,-0.045732745299029355,0.000390625,False
trial,174,174,174,945.2918845539614,945.2918845539614,945.2918845539614,945.2918845539614,3836,1918,0,0,3836,1918,671300,335650,191800.0,33565000.0,100.0,False,True,3836,1918,0,0,3836,1918,0.0001953125,42.72918889097176,0.1514157663423516,0.1514157663423516,0.1514157663423516,False,-0.022990956529928115,0.0001953125,True
trial,175,175,174,945.3284817510272,945.3284817510272,945.2918845539614,945.2918845539614,3836,1918,0,0,3836,1918,675136,337568,191800.0,33756800.0,100.0,False,True,3836,1918,0,0,3836,1918,0.000390625,39.11081593835353,-0.8801021711298229,-0.8801021711298229,-0.8801021711298229,False,-0.041582896016305965,0.000390625,False
trial,176,176,176,945.290455679522,945.290455679522,945.290455679522,945.290455679522,3836,1918,0,0,3836,1918,678972,339486,191800.0,33948600.0,100.0,False,True,3836,1918,0,0,3836,1918,0.0001953125,39.11081593835353,0.06831358377489594,0.06831358377489594,0.06831358377489594,False,-0.020916402865151302,0.0001953125,True
trial,177,177,176,945.3233349921787,945.3233349921787,945.290455679522,945.290455679522,3836,1918,0,0,3836,1918,682808,341404,191800.0,34140400.0,100.0,False,True,3836,1918,0,0,3836,1918,0.000390625,42.620786836655405,-0.7243987838728217,-0.7243987838728217,-0.7243987838728217,False,-0.04538841503980019,0.000390625,False
trial,178,178,178,945.2871459026245,945.2871459026245,945.2871459026245,945.2871459026245,3836,1918,0,0,3836,1918,686644,343322,191800.0,34332200.0,100.0,False,True,3836,1918,0,0,3836,1918,0.0001953125,42.620786836655405,0.1451425607220558,0.1451425607220558,0.1451425607220558,False,-0.022803627557731868,0.0001953125,True
trial,179,179,178,945.3240480823702,945.3240480823702,945.2871459026245,945.2871459026245,3836,1918,0,0,3836,1918,690480,345240,191800.0,34524000.0,100.0,False,True,3836,1918,0,0,3836,1918,0.000390625,38.8255162494446,-0.8948040733959375,-0.8948040733959375,-0.8948040733959375,False,-0.041240513809467104,0.000390625,False
trial,180,180,180,945.2858716276918,945.2858716276918,945.2858716276918,945.2858716276918,3836,1918,0,0,3836,1918,694316,347158,191800.0,34715800.0,100.0,False,True,3836,1918,0,0,3836,1918,0.0001953125,38.8255162494446,0.061438104337961916,0.061438104337961916,0.061438104337961916,False,-0.020740791833389057,0.0001953125,True
trial,181,181,180,945.319108307692,945.319108307692,945.2858716276918,945.2858716276918,3836,1918,0,0,3836,1918,698152,349076,191800.0,34907600.0,100.0,False,True,3836,1918,0,0,3836,1918,0.000390625,42.439017606403404,-0.7383265775339041,-0.7383265775339041,-0.7383265775339041,False,-0.04501623131487528,0.000390625,False
trial,182,182,182,945.2827378436247,945.2827378436247,945.2827378436247,945.2827378436247,3836,1918,0,0,3836,1918,701988,350994,191800.0,35099400.0,100.0,False,True,3836,1918,0,0,3836,1918,0.0001953125,42.439017606403404,0.13848106540721017,0.13848106540721017,0.13848106540721017,False,-0.022629693510201068,0.0001953125,True
trial,183,183,182,945.3198069869911,945.3198069869911,945.2827378436247,945.2827378436247,3836,1918,0,0,3836,1918,705824,352912,191800.0,35291200.0,100.0,False,True,3836,1918,0,0,3836,1918,0.000390625,38.79978332881088,-0.9049142210576054,-0.9049142210576054,-0.9049142210576054,False,-0.04096426214093754,0.000390625,False
trial,184,184,184,945.2815888920766,945.2815888920766,945.2815888920766,945.2815888920766,3836,1918,0,0,3836,1918,709660,354830,191800.0,35483000.0,100.0,False,True,3836,1918,0,0,3836,1918,0.0001953125,38.79978332881088,0.05576646798334764,0.05576646798334764,0.05576646798334764,False,-0.02060291048792984,0.0001953125,True
trial,185,185,184,945.3151154650502,945.3151154650502,945.2815888920766,945.2815888920766,3836,1918,0,0,3836,1918,713496,356748,191800.0,35674800.0,100.0,False,True,3836,1918,0,0,3836,1918,0.000390625,42.248165705436406,-0.751591200712291,-0.751591200712291,-0.751591200712291,False,-0.044607458072777516,0.000390625,False
trial,186,186,186,945.2786498720205,945.2786498720205,945.2786498720205,945.2786498720205,3836,1918,0,0,3836,1918,717332,358666,191800.0,35866600.0,100.0,False,True,3836,1918,0,0,3836,1918,0.0001953125,42.248165705436406,0.13100330439108357,0.13100330439108357,0.13100330439108357,False,-0.022434701702325126,0.0001953125,True
trial,187,187,186,945.315930644746,945.315930644746,945.2786498720205,945.2786498720205,3836,1918,0,0,3836,1918,721168,360584,191800.0,36058400.0,100.0,False,True,3836,1918,0,0,3836,1918,0.000390625,38.63408053380962,-0.9155649207133391,-0.9155649207133391,-0.9155649207133391,False,-0.0407188740875091,0.000390625,False
trial,188,188,188,945.2776184316775,945.2776184316775,945.2776184316775,945.2776184316775,3836,1918,0,0,3836,1918,725004,362502,191800.0,36250200.0,100.0,False,True,3836,1918,0,0,3836,1918,0.0001953125,38.63408053380962,0.0503765514573514,0.0503765514573514,0.0503765514573514,False,-0.020474611960807985,0.0001953125,True
trial,189,189,188,945.3117124339744,945.3117124339744,945.2776184316775,945.2776184316775,3836,1918,0,0,3836,1918,728840,364420,191800.0,36442000.0,100.0,False,True,3836,1918,0,0,3836,1918,0.000390625,42.06735828104501,-0.7705770186551334,-0.7705770186551334,-0.7705770186551334,False,-0.044244769142497975,0.000390625,False
trial,190,190,190,945.2749047646892,945.2749047646892,945.2749047646892,945.2749047646892,3836,1918,0,0,3836,1918,732676,366338,191800.0,36633800.0,100.0,False,True,3836,1918,0,0,3836,1918,0.0001953125,42.06735828104501,0.12202749454645997,0.12202749454645997,0.12202749454645997,False,-0.022238160329818898,0.0001953125,True
trial,191,191,190,945.3123584647067,945.3123584647067,945.2749047646892,945.2749047646892,3836,1918,0,0,3836,1918,736512,368256,191800.0,36825600.0,100.0,False,True,3836,1918,0,0,3836,1918,0.000390625,38.450811308977265,-0.9231937794930032,-0.9231937794930032,-0.9231937794930032,False,-0.040569705786028004,0.000390625,False
trial,192,192,192,945.273950976721,945.273950976721,945.273950976721,945.273950976721,3836,1918,0,0,3836,1918,740348,370174,191800.0,37017400.0,100.0,False,True,3836,1918,0,0,3836,1918,0.0001953125,38.450811308977265,0.046761275325243726,0.046761275325243726,0.046761275325243726,False,-0.02039696226163112,0.0001953125,True
trial,193,193,193,945.2677719405929,945.2677719405929,945.2677719405929,945.2677719405929,3836,1918,0,0,3836,1918,744184,372092,191800.0,37209200.0,100.0,False,True,3836,1918,0,0,3836,1918,9.765625e-05,42.00527268431863,0.5594029278747087,0.5594029278747087,0.5594029278747087,False,-0.011045770088564248,9.765625e-05,True
trial,194,194,193,945.2722567054466,945.2722567054466,945.2677719405929,945.2677719405929,3836,1918,0,0,3836,1918,748020,374010,191800.0,37401000.0,100.0,False,True,3836,1918,0,0,3836,1918,0.0001953125,19.268066455669185,-0.39453707200400245,-0.39453707200400245,-0.39453707200400245,False,-0.01136715703529325,0.0001953125,False
trial,195,195,195,945.2660194114262,945.2660194114262,945.2660194114262,945.2660194114262,3836,1918,0,0,3836,1918,751856,375928,191800.0,37592800.0,100.0,False,True,3836,1918,0,0,3836,1918,9.765625e-05,19.268066455669185,0.30713560962501213,0.30713560962501213,0.30713560962501213,False,-0.005706043557734257,9.765625e-05,True
trial,196,196,195,945.2764795689184,945.2764795689184,945.2660194114262,945.2660194114262,3836,1918,0,0,3836,1918,755692,377846,191800.0,37784600.0,100.0,False,True,3836,1918,0,0,3836,1918,0.0001953125,16.55512254758866,-1.307571628735588,-1.307571628735588,-1.307571628735588,False,-0.007999682206531633,0.0001953125,False
trial,197,197,195,945.2665925407964,945.2665925407964,945.2660194114262,945.2660194114262,3836,1918,0,0,3836,1918,759528,379764,191800.0,37976400.0,100.0,False,True,3836,1918,0,0,3836,1918,9.765625e-05,16.55512254758866,-0.1428710390830654,-0.1428710390830654,-0.1428710390830654,False,-0.0040115153769014296,9.765625e-05,False
trial,198,198,198,945.265161189204,945.265161189204,945.265161189204,945.265161189204,3836,1918,0,0,3836,1918,763364,381682,191800.0,38168200.0,100.0,False,True,3836,1918,0,0,3836,1918,4.8828125e-05,16.55512254758866,0.4266969259641705,0.4266969259641705,0.4266969259641705,False,-0.0020113156902603,4.8828125e-05,True
trial,199,199,198,945.2663265298377,945.2663265298377,945.265161189204,945.265161189204,3836,1918,0,0,3836,1918,767200,383600,191800.0,38360000.0,100.0,False,True,3836,1918,0,0,3836,1918,9.765625e-05,10.811571685984175,-0.39627393588702864,-0.39627393588702864,-0.39627393588702864,False,-0.0029407450960030456,9.765625e-05,False
trial,200,200,200,945.2647142592874,945.2647142592874,945.2647142592874,945.2647142592874,3836,1918,0,0,3836,1918,771036,385518,191800.0,38551800.0,100.0,False,True,3836,1918,0,0,3836,1918,4.8828125e-05,10.811571685984175,0.30335382061419947,0.30335382061419947,0.30335382061419947,False,-0.0014732958224011239,4.8828125e-05,True
trial,201,201,200,945.2660171593544,945.2660171593544,945.2647142592874,945.2647142592874,3836,1918,0,0,3836,1918,774872,387436,191800.0,38743600.0,100.0,False,True,3836,1918,0,0,3836,1918,9.765625e-05,12.437417848581065,-0.41267452387811515,-0.41267452387811515,-0.41267452387811515,False,-0.0031572098387829765,9.765625e-05,False
trial,202,202,202,945.2642472621769,945.2642472621769,945.2642472621769,945.2642472621769,3836,1918,0,0,3836,1918,778708,389354,191800.0,38935400.0,100.0,False,True,3836,1918,0,0,3836,1918,4.8828125e-05,12.437417848581065,0.2952670326359764,0.2952670326359764,0.2952670326359764,False,-0.0015816093870150492,4.8828125e-05,True
trial,203,203,202,945.2657885495857,945.2657885495857,945.2642472621769,945.2642472621769,3836,1918,0,0,3836,1918,782544,391272,191800.0,39127200.0,100.0,False,True,3836,1918,0,0,3836,1918,9.765625e-05,10.44236752889633,-0.5296453226358242,-0.5296453226358242,-0.5296453226358242,False,-0.0029100368547703374,9.765625e-05,False
trial,204,204,204,945.2639032988395,945.2639032988395,945.2639032988395,945.2639032988395,3836,1918,0,0,3836,1918,786380,393190,191800.0,39319000.0,100.0,False,True,3836,1918,0,0,3836,1918,4.8828125e-05,10.44236752889633,0.23604211629262223,0.23604211629262223,0.23604211629262223,False,-0.001457211716292369,4.8828125e-05,True
trial,205,205,204,945.265235712154,945.265235712154,945.2639032988395,945.2639032988395,3836,1918,0,0,3836,1918,790216,395108,191800.0,39510800.0,100.0,False,True,3836,1918,0,0,3836,1918,9.765625e-05,12.33706894811382,-0.4250840401607845,-0.4250840401607845,-0.4250840401607845,False,-0.0031344703366278036,9.765625e-05,False
trial,206,206,206,945.2634495425181,945.2634495425181,945.2634495425181,945.2634495425181,3836,1918,0,0,3836,1918,794052,397026,191800.0,39702600.0,100.0,False,True,3836,1918,0,0,3836,1918,4.8828125e-05,12.33706894811382,0.2889561556781696,0.2889561556781696,0.2889561556781696,False,-0.0015703293131016935,4.8828125e-05,True
trial,207,207,206,945.2649949824768,945.2649949824768,945.2634495425181,945.2634495425181,3836,1918,0,0,3836,1918,797888,398944,191800.0,39894400.0,100.0,False,True,3836,1918,0,0,3836,1918,9.765625e-05,10.353270256597051,-0.5325535625994304,-0.5325535625994304,-0.5325535625994304,False,-0.0029019427663968035,9.765625e-05,False
trial,208,208,208,945.2631095618005,945.2631095618005,945.2631095618005,945.2631095618005,3836,1918,0,0,3836,1918,801724,400862,191800.0,40086200.0,100.0,False,True,3836,1918,0,0,3836,1918,4.8828125e-05,10.353270256597051,0.23393573042227334,0.23393573042227334,0.23393573042227334,False,-0.0014533082094776678,4.8828125e-05,True
trial,209,209,208,945.2644676972025,945.2644676972025,945.2631095618005,945.2631095618005,3836,1918,0,0,3836,1918,805560,402780,191800.0,40278000.0,100.0,False,True,3836,1918,0,0,3836,1918,9.765625e-05,12.239230703725049,-0.43732600498634816,-0.43732600498634816,-0.43732600498634816,False,-0.003105544574138925,9.765625e-05,False
trial,210,210,210,945.2626683516797,945.2626683516797,945.2626683516797,945.2626683516797,3836,1918,0,0,3836,1918,809396,404698,191800.0,40469800.0,100.0,False,True,3836,1918,0,0,3836,1918,4.8828125e-05,12.239230703725049,0.2833935099434571,0.2833935099434571,0.2833935099434571,False,-0.0015568815280907645,4.8828125e-05,True
trial,211,211,210,945.264207507565,945.264207507565,945.2626683516797,945.2626683516797,3836,1918,0,0,3836,1918,813232,406616,191800.0,40661600.0,100.0,False,True,3836,1918,0,0,3836,1918,9.765625e-05,10.323026984128111,-0.5321216687127936,-0.5321216687127936,-0.5321216687127936,False,-0.0028924886463180775,9.765625e-05,False
trial,212,212,212,945.262319757348,945.262319757348,945.262319757348,945.262319757348,3836,1918,0,0,3836,1918,817068,408534,191800.0,40853400.0,100.0,False,True,3836,1918,0,0,3836,1918,4.8828125e-05,10.323026984128111,0.24067826260471714,0.24067826260471714,0.24067826260471714,False,-0.0014483831151489602,4.8828125e-05,True
trial,213,213,212,945.2637322125073,945.2637322125073,945.262319757348,945.262319757348,3836,1918,0,0,3836,1918,820904,410452,191800.0,41045200.0,100.0,False,True,3836,1918,0,0,3836,1918,9.765625e-05,12.04740210448935,-0.462392215535471,-0.462392215535471,-0.462392215535471,False,-0.003054668984155874,9.765625e-05,False
trial,214,214,214,945.2619061971882,945.2619061971882,945.2619061971882,945.2619061971882,3836,1918,0,0,3836,1918,824740,412370,191800.0,41237000.0,100.0,False,True,3836,1918,0,0,3836,1918,4.8828125e-05,12.04740210448935,0.2702691837487671,0.2702691837487671,0.2702691837487671,False,-0.0015301787428272735,4.8828125e-05,True
trial,215,215,214,945.2634450101998,945.2634450101998,945.2619061971882,945.2619061971882,3836,1918,0,0,3836,1918,828576,414288,191800.0,41428800.0,100.0,False,True,3836,1918,0,0,3836,1918,9.765625e-05,10.187383217565976,-0.5280514839172531,-0.5280514839172531,-0.5280514839172531,False,-0.0029141344328877366,9.765625e-05,False
trial,216,216,216,945.2615605071469,945.2615605071469,945.2615605071469,945.2615605071469,3836,1918,0,0,3836,1918,832412,416206,191800.0,41620600.0,100.0,False,True,3836,1918,0,0,3836,1918,4.8828125e-05,10.187383217565976,0.2369297311285726,0.2369297311285726,0.2369297311285726,False,-0.0014590403645801382,4.8828125e-05,True
trial,217,217,216,945.2629977568306,945.2629977568306,945.2615605071469,945.2615605071469,3836,1918,0,0,3836,1918,836248,418124,191800.0,41812400.0,100.0,False,True,3836,1918,0,0,3836,1918,9.765625e-05,11.961497904812193,-0.47473878666207836,-0.47473878666207836,-0.47473878666207836,False,-0.003027453673649609,9.765625e-05,False
trial,218,218,218,945.2611599224704,945.2611599224704,945.2611599224704,945.2611599224704,3836,1918,0,0,3836,1918,840084,420042,191800.0,42004200.0,100.0,False,True,3836,1918,0,0,3836,1918,4.8828125e-05,11.961497904812193,0.26408258410710267,0.26408258410710267,0.26408258410710267,False,-0.0015168916870498435,4.8828125e-05,True
trial,219,219,218,945.2627073546739,945.2627073546739,945.2611599224704,945.2611599224704,3836,1918,0,0,3836,1918,843920,421960,191800.0,42196000.0,100.0,False,True,3836,1918,0,0,3836,1918,9.765625e-05,10.103301213943551,-0.532620292732076,-0.532620292732076,-0.532620292732076,False,-0.0029053196520433455,9.765625e-05,False
trial,220,220,220,945.2608184799865,945.2608184799865,945.2608184799865,945.2608184799865,3836,1918,0,0,3836,1918,847756,423878,191800.0,42387800.0,100.0,False,True,3836,1918,0,0,3836,1918,4.8828125e-05,10.103301213943551,0.2347076314667012,0.2347076314667012,0.2347076314667012,False,-0.0014547566338293891,4.8828125e-05,True
trial,221,221,220,945.2621778476429,945.2621778476429,945.2608184799865,945.2608184799865,3836,1918,0,0,3836,1918,851592,425796,191800.0,42579600.0,100.0,False,True,3836,1918,0,0,3836,1918,9.765625e-05,11.891957999866486,-0.45292011494614987,-0.45292011494614987,-0.45292011494614987,False,-0.003001340880064609,9.765625e-05,False
trial,222,222,222,945.260426580254,945.260426580254,945.260426580254,945.260426580254,3836,1918,0,0,3836,1918,855428,427714,191800.0,42771400.0,100.0,False,True,3836,1918,0,0,3836,1918,4.8828125e-05,11.891957999866486,0.2606103182600468,0.2606103182600468,0.2606103182600468,False,-0.001503776730965682,4.8828125e-05,True
trial,223,223,222,945.261991199027,945.261991199027,945.260426580254,945.260426580254,3836,1918,0,0,3836,1918,859264,429632,191800.0,42963200.0,100.0,False,True,3836,1918,0,0,3836,1918,9.765625e-05,10.012209291952455,-0.541634575513803,-0.541634575513803,-0.541634575513803,False,-0.00288869810692469,9.765625e-05,False
trial,224,224,224,945.2600931417935,945.2600931417935,945.2600931417935,945.2600931417935,3836,1918,0,0,3836,1918,863100,431550,191800.0,43155000.0,100.0,False,True,3836,1918,0,0,3836,1918,4.8828125e-05,10.012209291952455,0.2304575374599865,0.2304575374599865,0.2304575374599865,False,-0.001446854219673643,4.8828125e-05,True
trial,225,225,224,945.2614843070264,945.2614843070264,945.2600931417935,945.2600931417935,3836,1918,0,0,3836,1918,866936,433468,191800.0,43346800.0,100.0,False,True,3836,1918,0,0,3836,1918,9.765625e-05,11.813703582499905,-0.4659712273488524,-0.4659712273488524,-0.4659712273488524,False,-0.0029855174552988906,9.765625e-05,False
trial,226,226,226,945.2596974700416,945.2596974700416,945.2596974700416,945.2596974700416,3836,1918,0,0,3836,1918,870772,435386,191800.0,43538600.0,100.0,False,True,3836,1918,0,0,3836,1918,4.8828125e-05,11.813703582499905,0.264576775850689,0.264576775850689,0.264576775850689,False,-0.001495489355144422,4.8828125e-05,True
trial,227,227,226,945.2613065804785,945.2613065804785,945.2596974700416,945.2596974700416,3836,1918,0,0,3836,1918,874608,437304,191800.0,43730400.0,100.0,False,True,3836,1918,0,0,3836,1918,9.765625e-05,9.943226306808484,-0.565904032276188,-0.565904032276188,-0.565904032276188,False,-0.0028434334182605033,9.765625e-05,False
trial,228,228,228,945.2593866786258,945.2593866786258,945.2593866786258,945.2593866786258,3836,1918,0,0,3836,1918,878444,439222,191800.0,43922200.0,100.0,False,True,3836,1918,0,0,3836,1918,4.8828125e-05,9.943226306808484,0.21824394185449394,0.21824394185449394,0.21824394185449394,False,-0.0014240551795971104,4.8828125e-05,True
trial,229,229,228,945.2608558891197,945.2608558891197,945.2593866786258,945.2593866786258,3836,1918,0,0,3836,1918,882280,441140,191800.0,44114000.0,100.0,False,True,3836,1918,0,0,3836,1918,9.765625e-05,11.757631575573726,-0.4898197068259932,-0.4898197068259932,-0.4898197068259932,False,-0.0029994924121606544,9.765625e-05,False
trial,230,230,230,945.2590003363875,945.2590003363875,945.2590003363875,945.2590003363875,3836,1918,0,0,3836,1918,886116,443058,191800.0,44305800.0,100.0,False,True,3836,1918,0,0,3836,1918,4.8828125e-05,11.757631575573726,0.25697212137563347,0.25697212137563347,0.25697212137563347,False,-0.0015034402805080929,4.8828125e-05,True
trial,231,231,230,945.260615321575,945.260615321575,945.2590003363875,945.2590003363875,3836,1918,0,0,3836,1918,889952,444976,191800.0,44497600.0,100.0,False,True,3836,1918,0,0,3836,1918,9.765625e-05,9.833646768591398,-0.5690261553989406,-0.5690261553989406,-0.5690261553989406,False,-0.00283815633445503,9.765625e-05,False
trial,232,232,232,945.2586922505305,945.2586922505305,945.2586922505305,945.2586922505305,3836,1918,0,0,3836,1918,893788,446894,191800.0,44689400.0,100.0,False,True,3836,1918,0,0,3836,1918,4.8828125e-05,9.833646768591398,0.21672920618361788,0.21672920618361788,0.21672920618361788,False,-0.0014215244102316958,4.8828125e-05,True
trial,233,233,232,945.2601856582977,945.2601856582977,945.2586922505305,945.2586922505305,3836,1918,0,0,3836,1918,897624,448812,191800.0,44881200.0,100.0,False,True,3836,1918,0,0,3836,1918,9.765625e-05,11.647965191798503,-0.5023426695772657,-0.5023426695772657,-0.5023426695772657,False,-0.0029728865525471626,9.765625e-05,False
trial,234,234,234,945.2583197542733,945.2583197542733,945.2583197542733,945.2583197542733,3836,1918,0,0,3836,1918,901460,450730,191800.0,45073000.0,100.0,False,True,3836,1918,0,0,3836,1918,4.8828125e-05,11.647965191798503,0.25008128502733395,0.25008128502733395,0.25008128502733395,False,-0.0014895007324801637,4.8828125e-05,True
trial,235,235,234,945.2599407422732,945.2599407422732,945.2583197542733,945.2583197542733,3836,1918,0,0,3836,1918,905296,452648,191800.0,45264800.0,100.0,False,True,3836,1918,0,0,3836,1918,9.765625e-05,9.724261820933465,-0.5722924946937212,-0.5722924946937212,-0.5722924946937212,False,-0.0028324467207404913,9.765625e-05,False
trial,236,236,236,945.2580147722874,945.2580147722874,945.2580147722874,945.2580147722874,3836,1918,0,0,3836,1918,909132,454566,191800.0,45456600.0,100.0,False,True,3836,1918,0,0,3836,1918,4.8828125e-05,9.724261820933465,0.21502971809853003,0.21502971809853003,0.21502971809853003,False,-0.0014183248184877636,4.8828125e-05,True
trial,237,237,236,945.2595374192001,945.2595374192001,945.2580147722874,945.2580147722874,3836,1918,0,0,3836,1918,912968,456484,191800.0,45648400.0,100.0,False,True,3836,1918,0,0,3836,1918,9.765625e-05,11.5720187925081,-0.5171398934023823,-0.5171398934023823,-0.5171398934023823,False,-0.002944361732900284,9.765625e-05,False
trial,238,238,238,945.2576555016221,945.2576555016221,945.2576555016221,945.2576555016221,3836,1918,0,0,3836,1918,916804,458402,191800.0,45840200.0,100.0,False,True,3836,1918,0,0,3836,1918,4.8828125e-05,11.5720187925081,0.243464961870133,0.243464961870133,0.243464961870133,False,-0.0014756565483822392,4.8828125e-05,True
trial,239,239,238,945.259282552022,945.259282552022,945.2576555016221,945.2576555016221,3836,1918,0,0,3836,1918,920640,460320,191800.0,46032000.0,100.0,False,True,3836,1918,0,0,3836,1918,9.765625e-05,9.722951369040688,-0.5756766931718281,-0.5756766931718281,-0.5756766931718281,False,-0.002826326685029745,9.765625e-05,False
trial,240,240,240,945.2573539819639,945.2573539819639,945.2573539819639,945.2573539819639,3836,1918,0,0,3836,1918,924476,462238,191800.0,46223800.0,100.0,False,True,3836,1918,0,0,3836,1918,4.8828125e-05,9.722951369040688,0.21309956233469646,0.21309956233469646,0.21309956233469646,False,-0.0014149238738342014,4.8828125e-05,True
trial,241,241,240,945.2588610540104,945.2588610540104,945.2573539819639,945.2573539819639,3836,1918,0,0,3836,1918,928312,464156,191800.0,46415600.0,100.0,False,True,3836,1918,0,0,3836,1918,9.765625e-05,11.497581610856583,-0.5157978826310111,-0.5157978826310111,-0.5157978826310111,False,-0.0029218267411098963,9.765625e-05,False
trial,242,242,242,945.2569834680912,945.2569834680912,945.2569834680912,945.2569834680912,3836,1918,0,0,3836,1918,932148,466074,191800.0,46607400.0,100.0,False,True,3836,1918,0,0,3836,1918,4.8828125e-05,11.497581610856583,0.2532260768881854,0.2532260768881854,0.2532260768881854,False,-0.001463174240269468,4.8828125e-05,True
trial,243,243,242,945.2587024533949,945.2587024533949,945.2569834680912,945.2569834680912,3836,1918,0,0,3836,1918,935984,467992,191800.0,46799200.0,100.0,False,True,3836,1918,0,0,3836,1918,9.765625e-05,9.554799473891219,-0.6254191512664238,-0.6254191512664238,-0.6254191512664238,False,-0.0027485332040148146,9.765625e-05,False
trial,244,244,244,945.2567230708398,945.2567230708398,945.2567230708398,945.2567230708398,3836,1918,0,0,3836,1918,939820,469910,191800.0,46991000.0,100.0,False,True,3836,1918,0,0,3836,1918,4.8828125e-05,9.554799473891219,0.18903705558336031,0.18903705558336031,0.18903705558336031,False,-0.0013774931618125686,4.8828125e-05,True
trial,245,245,244,945.2581969101269,945.2581969101269,945.2567230708398,945.2567230708398,3836,1918,0,0,3836,1918,943656,471828,191800.0,47182800.0,100.0,False,True,3836,1918,0,0,3836,1918,9.765625e-05,11.45451555282692,-0.4950094813971265,-0.4950094813971265,-0.4950094813971265,False,-0.002977396075176129,9.765625e-05,False
trial,246,246,246,945.256344850635,945.256344850635,945.256344850635,945.256344850635,3836,1918,0,0,3836,1918,947492,473746,191800.0,47374600.0,100.0,False,True,3836,1918,0,0,3836,1918,4.8828125e-05,11.45451555282692,0.25367185273478104,0.25367185273478104,0.25367185273478104,False,-0.0014909821519500242,4.8828125e-05,True
trial,247,247,246,945.2580955595577,945.2580955595577,945.256344850635,945.256344850635,3836,1918,0,0,3836,1918,951328,475664,191800.0,47566400.0,100.0,False,True,3836,1918,0,0,3836,1918,9.765625e-05,9.466365739115215,-0.6428332901534396,-0.6428332901534396,-0.6428332901534396,False,-0.002723426041448324,9.765625e-05,False
trial,248,248,248,945.256098904197,945.256098904197,945.256098904197,945.256098904197,3836,1918,0,0,3836,1918,955164,477582,191800.0,47758200.0,100.0,False,True,3836,1918,0,0,3836,1918,4.8828125e-05,9.466365739115215,0.1801858623189693,0.1801858623189693,0.1801858623189693,False,-0.0013649596856272045,4.8828125e-05,True
trial,249,249,248,945.2575745078627,945.2575745078627,945.256098904197,945.256098904197,3836,1918,0,0,3836,1918,959000,479500,191800.0,47950000.0,100.0,False,True,3836,1918,0,0,3836,1918,9.765625e-05,11.386121629927077,-0.4958132527220943,-0.4958132527220943,-0.4958132527220943,False,-0.002976127922490909,9.765625e-05,False
trial,250,250,250,945.255721809458,945.255721809458,945.255721809458,945.255721809458,3836,1918,0,0,3836,1918,962836,481418,191800.0,48141800.0,100.0,False,True,3836,1918,0,0,3836,1918,4.8828125e-05,11.386121629927077,0.2531188507400159,0.2531188507400159,0.2531188507400159,False,-0.0014897931854886731,4.8828125e-05,True
trial,251,251,250,945.2574806860714,945.2574806860714,945.255721809458,945.255721809458,3836,1918,0,0,3836,1918,966672,483336,191800.0,48333600.0,100.0,False,True,3836,1918,0,0,3836,1918,9.765625e-05,9.381162907874076,-0.6529014982808575,-0.6529014982808575,-0.6529014982808575,False,-0.0026939386998272893,9.765625e-05,False
trial,252,252,252,945.2554901701931,945.2554901701931,945.2554901701931,945.2554901701931,3836,1918,0,0,3836,1918,970508,485254,191800.0,48525400.0,100.0,False,True,3836,1918,0,0,3836,1918,4.8828125e-05,9.381162907874076,0.17155100741904883,0.17155100741904883,0.17155100741904883,False,-0.0013502646730208325,4.8828125e-05,True
trial,253,253,252,945.2569694149919,945.2569694149919,945.2554901701931,945.2554901701931,3836,1918,0,0,3836,1918,974344,487172,191800.0,48717200.0,100.0,False,True,3836,1918,0,0,3836,1918,9.765625e-05,11.330144722869482,-0.4975819495234358,-0.4975819495234358,-0.4975819495234358,False,-0.002972866681020951,9.765625e-05,False
trial,254,254,254,945.2551142965383,945.2551142965383,945.2551142965383,945.2551142965383,3836,1918,0,0,3836,1918,978180,489090,191800.0,48909000.0,100.0,False,True,3836,1918,0,0,3836,1918,4.8828125e-05,11.330144722869482,0.2525097708663611,0.2525097708663611,0.2525097708663611,False,-0.0014885509320513913,4.8828125e-05,True
trial,255,255,254,945.2568649170676,945.2568649170676,945.2551142965383,945.2551142965383,3836,1918,0,0,3836,1918,982016,491008,191800.0,49100800.0,100.0,False,True,3836,1918,0,0,3836,1918,9.765625e-05,9.297618368349726,-0.6518478833105766,-0.6518478833105766,-0.6518478833105766,False,-0.0026856273895894296,9.765625e-05,False
trial,256,256,256,945.254880049059,945.254880049059,945.254880049059,945.254880049059,3836,1918,0,0,3836,1918,985852,492926,191800.0,49292600.0,100.0,False,True,3836,1918,0,0,3836,1918,4.8828125e-05,9.297618368349726,0.17415204685745816,0.17415204685745816,0.17415204685745816,False,-0.001345074511100932,4.8828125e-05,True
trial,257,257,256,945.2564119773403,945.2564119773403,945.254880049059,945.254880049059,3836,1918,0,0,3836,1918,989688,494844,191800.0,49484400.0,100.0,False,True,3836,1918,0,0,3836,1918,9.765625e-05,11.268350709175856,-0.520615523507838,-0.520615523507838,-0.520615523507838,False,-0.0029425328522976807,9.765625e-05,False
trial,258,258,258,945.2545240804058,945.2545240804058,945.2545240804058,945.2545240804058,3836,1918,0,0,3836,1918,993524,496762,191800.0,49676200.0,100.0,False,True,3836,1918,0,0,3836,1918,4.8828125e-05,11.268350709175856,0.24140353649573545,0.24140353649573545,0.24140353649573545,False,-0.0014745792809000185,4.8828125e-05,True
trial,259,259,258,945.256285268089,945.256285268089,945.2545240804058,945.2545240804058,3836,1918,0,0,3836,1918,997360,498680,191800.0,49868000.0,100.0,False,True,3836,1918,0,0,3836,1918,9.765625e-05,9.213421673877551,-0.6541411792631071,-0.6541411792631071,-0.6541411792631071,False,-0.002692366325545574,9.765625e-05,False
trial,260,260,260,945.2542894532819,945.2542894532819,945.2542894532819,945.2542894532819,3836,1918,0,0,3836,1918,1001196,500598,191800.0,50059800.0,100.0,False,True,3836,1918,0,0,3836,1918,4.8828125e-05,9.213421673877551,0.17403377832966735,0.17403377832966735,0.17403377832966735,False,-0.0013481700283200589,4.8828125e-05,True
trial,261,261,260,945.255850563497,945.255850563497,945.2542894532819,945.2542894532819,3836,1918,0,0,3836,1918,1005032,502516,191800.0,50251600.0,100.0,False,True,3836,1918,0,0,3836,1918,9.765625e-05,11.193060476872839,-0.5360773445911093,-0.5360773445911093,-0.5360773445911093,False,-0.0029120988433071994,9.765625e-05,False
trial,262,262,262,945.2539482411576,945.2539482411576,945.2539482411576,945.2539482411576,3836,1918,0,0,3836,1918,1008868,504434,191800.0,50443400.0,100.0,False,True,3836,1918,0,0,3836,1918,4.8828125e-05,11.193060476872839,0.23376867429912587,0.23376867429912587,0.23376867429912587,False,-0.0014596144045519524,4.8828125e-05,True
trial,263,263,262,945.255712054249,945.255712054249,945.2539482411576,945.2539482411576,3836,1918,0,0,3836,1918,1012704,506352,191800.0,50635200.0,100.0,False,True,3836,1918,0,0,3836,1918,9.765625e-05,9.145795006554403,-0.6557097616286023,-0.6557097616286023,-0.6557097616286023,False,-0.0026899295917883403,9.765625e-05,False
trial,264,264,264,945.2537147209596,945.2537147209596,945.2537147209596,945.2537147209596,3836,1918,0,0,3836,1918,1016540,508270,191800.0,50827000.0,100.0,False,True,3836,1918,0,0,3836,1918,4.8828125e-05,9.145795006554403,0.1733442441610162,0.1733442441610162,0.1733442441610162,False,-0.0013471471124445551,4.8828125e-05,True
trial,265,265,264,945.255306829551,945.255306829551,945.2537147209596,945.2537147209596,3836,1918,0,0,3836,1918,1020376,510188,191800.0,51018800.0,100.0,False,True,3836,1918,0,0,3836,1918,9.765625e-05,11.124458928658846,-0.552232658711627,-0.552232658711627,-0.552232658711627,False,-0.002883039542031791,9.765625e-05,False
trial,266,266,266,945.2533881938729,945.2533881938729,945.2533881938729,945.2533881938729,3836,1918,0,0,3836,1918,1024212,512106,191800.0,51210600.0,100.0,False,True,3836,1918,0,0,3836,1918,4.8828125e-05,11.124458928658846,0.22596488404208845,0.22596488404208845,0.22596488404208845,False,-0.0014450346481818556,4.8828125e-05,True
trial,267,267,266,945.2551529846475,945.2551529846475,945.2533881938729,945.2533881938729,3836,1918,0,0,3836,1918,1028048,514024,191800.0,51402400.0,100.0,False,True,3836,1918,0,0,3836,1918,9.765625e-05,9.07385199933966,-0.6564135485875844,-0.6564135485875844,-0.6564135485875844,False,-0.0026885349615103594,9.765625e-05,False
trial,268,268,268,945.2531554060546,945.2531554060546,945.2531554060546,945.2531554060546,3836,1918,0,0,3836,1918,1031884,515942,191800.0,51594200.0,100.0,False,True,3836,1918,0,0,3836,1918,4.8828125e-05,9.07385199933966,0.17289210585757187,0.17289210585757187,0.17289210585757187,False,-0.0013464340498496638,4.8828125e-05,True
trial,269,269,268,945.2547759349021,945.2547759349021,945.2531554060546,945.2531554060546,3836,1918,0,0,3836,1918,1035720,517860,191800.0,51786000.0,100.0,False,True,3836,1918,0,0,3836,1918,9.765625e-05,11.06375264184911,-0.5678939377460015,-0.5678939377460015,-0.5678939377460015,False,-0.002853576592060122,9.765625e-05,False
trial,270,270,270,945.2528436557941,945.2528436557941,945.2528436557941,945.2528436557941,3836,1918,0,0,3836,1918,1039556,519778,191800.0,51977800.0,100.0,False,True,3836,1918,0,0,3836,1918,4.8828125e-05,11.06375264184911,0.2179812572841666,0.2179812572841666,0.2179812572841666,False,-0.0014301700264407373,4.8828125e-05,True
trial,271,271,270,945.254610810448,945.254610810448,945.2528436557941,945.2528436557941,3836,1918,0,0,3836,1918,1043392,521696,191800.0,52169600.0,100.0,False,True,3836,1918,0,0,3836,1918,9.765625e-05,9.0078024001078,-0.6577862589168789,-0.6577862589168789,-0.6577862589168789,False,-0.0026865180442839586,9.765625e-05,False
trial,272,272,272,945.2526117754076,945.2526117754076,945.2526117754076,945.2526117754076,3836,1918,0,0,3836,1918,1047228,523614,191800.0,52361400.0,100.0,False,True,3836,1918,0,0,3836,1918,4.8828125e-05,9.0078024001078,0.17233461694655383,0.17233461694655383,0.17233461694655383,False,-0.001345524135805778,4.8828125e-05,True
trial,273,273,272,945.2542605908968,945.2542605908968,945.2526117754076,945.2526117754076,3836,1918,0,0,3836,1918,1051064,525532,191800.0,52553200.0,100.0,False,True,3836,1918,0,0,3836,1918,9.765625e-05,10.988255254630284,-0.5839123248307762,-0.5839123248307762,-0.5839123248307762,False,-0.0028237381181141666,9.765625e-05,False
trial,274,274,274,945.2523148555655,945.2523148555655,945.2523148555655,945.2523148555655,3836,1918,0,0,3836,1918,1054900,527450,191800.0,52745000.0,100.0,False,True,3836,1918,0,0,3836,1918,4.8828125e-05,10.988255254630284,0.20977231013167302,0.20977231013167302,0.20977231013167302,False,-0.0014154386815166387,4.8828125e-05,True
trial,275,275,274,945.2540829419254,945.2540829419254,945.2523148555655,945.2523148555655,3836,1918,0,0,3836,1918,1058736,529368,191800.0,52936800.0,100.0,False,True,3836,1918,0,0,3836,1918,9.765625e-05,8.950941387772888,-0.6582568536560393,-0.6582568536560393,-0.6582568536560393,False,-0.0026860128384268026,9.765625e-05,False
trial,276,276,276,945.2520837396437,945.2520837396437,945.2520837396437,945.2520837396437,3836,1918,0,0,3836,1918,1062572,531286,191800.0,53128600.0,100.0,False,True,3836,1918,0,0,3836,1918,4.8828125e-05,8.950941387772888,0.1718575068423497,0.1718575068423497,0.1718575068423497,False,-0.001344811326772531,4.8828125e-05,True
trial,277,277,276,945.2537616486069,945.2537616486069,945.2520837396437,945.2520837396437,3836,1918,0,0,3836,1918,1066408,533204,191800.0,53320400.0,100.0,False,True,3836,1918,0,0,3836,1918,9.765625e-05,10.936550957742268,-0.6004343869759414,-0.6004343869759414,-0.6004343869759414,False,-0.0027944917872524066,9.765625e-05,False
trial,278,278,278,945.2517991488787,945.2517991488787,945.2517991488787,945.2517991488787,3836,1918,0,0,3836,1918,1070244,535122,191800.0,53512200.0,100.0,False,True,3836,1918,0,0,3836,1918,4.8828125e-05,10.936550957742268,0.20319411369293292,0.20319411369293292,0.20319411369293292,False,-0.0014005856754649125,4.8828125e-05,True
trial,279,279,278,945.253572991642,945.253572991642,945.2517991488787,945.2517991488787,3836,1918,0,0,3836,1918,1074080,537040,191800.0,53704000.0,100.0,False,True,3836,1918,0,0,3836,1918,9.765625e-05,8.888434008527248,-0.6620000130358061,-0.6620000130358061,-0.6620000130358061,False,-0.0026795207377611485,9.765625e-05,False
trial,280,280,280,945.2515709066427,945.2515709066427,945.2515709066427,945.2515709066427,3836,1918,0,0,3836,1918,1077916,538958,191800.0,53895800.0,100.0,False,True,3836,1918,0,0,3836,1918,4.8828125e-05,8.888434008527248,0.17008403492742874,0.17008403492742874,0.17008403492742874,False,-0.0013419380376271123,4.8828125e-05,True
trial,281,281,280,945.2532257856848,945.2532257856848,945.2515709066427,945.2515709066427,3836,1918,0,0,3836,1918,1081752,540876,191800.0,54087600.0,100.0,False,True,3836,1918,0,0,3836,1918,9.765625e-05,10.87804309590818,-0.5959365015651609,-0.5959365015651609,-0.5959365015651609,False,-0.0027769385459269274,9.765625e-05,False
trial,282,282,282,945.2512833720284,945.2512833720284,945.2512833720284,945.2512833720284,3836,1918,0,0,3836,1918,1085588,542794,191800.0,54279400.0,100.0,False,True,3836,1918,0,0,3836,1918,4.8828125e-05,10.87804309590818,0.2068546107789862,0.2068546107789862,0.2068546107789862,False,-0.0013900324153363647,4.8828125e-05,True
trial,283,283,282,945.2531159889922,945.2531159889922,945.2512833720284,945.2512833720284,3836,1918,0,0,3836,1918,1089424,544712,191800.0,54471200.0,100.0,False,True,3836,1918,0,0,3836,1918,9.765625e-05,8.818572208157448,-0.6928663812565852,-0.6928663812565852,-0.6928663812565852,False,-0.0026449789070655686,9.765625e-05,False
trial,284,284,284,945.2510770613895,945.2510770613895,945.2510770613895,945.2510770613895,3836,1918,0,0,3836,1918,1093260,546630,191800.0,54663000.0,100.0,False,True,3836,1918,0,0,3836,1918,4.8828125e-05,8.818572208157448,0.15561060275936492,0.15561060275936492,0.15561060275936492,False,-0.001325813506373063,4.8828125e-05,True
trial,285,285,284,945.2527306585868,945.2527306585868,945.2510770613895,945.2510770613895,3836,1918,0,0,3836,1918,1097096,548548,191800.0,54854800.0,100.0,False,True,3836,1918,0,0,3836,1918,9.765625e-05,10.820460498354269,-0.5908105317112267,-0.5908105317112267,-0.5908105317112267,False,-0.0027988620860048435,9.765625e-05,False
trial,286,286,286,945.2507879722891,945.2507879722891,945.2507879722891,945.2507879722891,3836,1918,0,0,3836,1918,1100932,550466,191800.0,55046600.0,100.0,False,True,3836,1918,0,0,3836,1918,4.8828125e-05,10.820460498354269,0.2062142682082617,0.2062142682082617,0.2062142682082617,False,-0.0014018869932315033,4.8828125e-05,True
trial,287,287,286,945.2526507517928,945.2526507517928,945.2507879722891,945.2507879722891,3836,1918,0,0,3836,1918,1104768,552384,191800.0,55238400.0,100.0,False,True,3836,1918,0,0,3836,1918,9.765625e-05,8.740737842703087,-0.7125836384650324,-0.7125836384650324,-0.7125836384650324,False,-0.002614120508950003,9.765625e-05,False
trial,288,288,288,945.2505966405761,945.2505966405761,945.2505966405761,945.2505966405761,3836,1918,0,0,3836,1918,1108604,554302,191800.0,55430200.0,100.0,False,True,3836,1918,0,0,3836,1918,4.8828125e-05,8.740737842703087,0.14595355012373304,0.14595355012373304,0.14595355012373304,False,-0.0013109082504536313,4.8828125e-05,True
trial,289,289,288,945.252249970333,945.252249970333,945.2505966405761,945.2505966405761,3836,1918,0,0,3836,1918,1112440,556220,191800.0,55622000.0,100.0,False,True,3836,1918,0,0,3836,1918,9.765625e-05,10.769171856411232,-0.5906759529416198,-0.5906759529416198,-0.5906759529416198,False,-0.0027990470048044466,9.765625e-05,False
trial,290,290,290,945.2503074547633,945.2503074547633,945.2503074547633,945.2503074547633,3836,1918,0,0,3836,1918,1116276,558138,191800.0,55813800.0,100.0,False,True,3836,1918,0,0,3836,1918,4.8828125e-05,10.769171856411232,0.20622753925818413,0.20622753925818413,0.20622753925818413,False,-0.0014022657392402877,4.8828125e-05,True
trial,291,291,290,945.2522005298518,945.2522005298518,945.2503074547633,945.2503074547633,3836,1918,0,0,3836,1918,1120112,560056,191800.0,56005600.0,100.0,False,True,3836,1918,0,0,3836,1918,9.765625e-05,8.674677774492903,-0.7325017257239085,-0.7325017257239085,-0.7325017257239085,False,-0.0025843967626005444,9.765625e-05,False
trial,292,292,292,945.2501311798006,945.2501311798006,945.2501311798006,945.2501311798006,3836,1918,0,0,3836,1918,1123948,561974,191800.0,56197400.0,100.0,False,True,3836,1918,0,0,3836,1918,4.8828125e-05,8.674677774492903,0.1360245096156251,0.1360245096156251,0.1360245096156251,False,-0.0012959058860286044,4.8828125e-05,True
trial,293,293,292,945.2517839078812,945.2517839078812,945.2501311798006,945.2501311798006,3836,1918,0,0,3836,1918,1127784,563892,191800.0,56389200.0,100.0,False,True,3836,1918,0,0,3836,1918,9.765625e-05,10.732588438029103,-0.5903255730378064,-0.5903255730378064,-0.5903255730378064,False,-0.0027996891140132977,9.765625e-05,False
trial,294,294,294,945.2498423614384,945.2498423614384,945.2498423614384,945.2498423614384,3836,1918,0,0,3836,1918,1131620,565810,191800.0,56581000.0,100.0,False,True,3836,1918,0,0,3836,1918,4.8828125e-05,10.732588438029103,0.20602620108868064,0.20602620108868064,0.20602620108868064,False,-0.0014018525834980935,4.8828125e-05,True
trial,295,295,294,945.2517651278415,945.2517651278415,945.2498423614384,945.2498423614384,3836,1918,0,0,3836,1918,1135456,567728,191800.0,56772800.0,100.0,False,True,3836,1918,0,0,3836,1918,9.765625e-05,8.6045765620939,-0.7523589910633682,-0.7523589910633682,-0.7523589910633682,False,-0.0025556501962220035,9.765625e-05,False
trial,296,296,296,945.2496810603108,945.2496810603108,945.2496810603108,945.2496810603108,3836,1918,0,0,3836,1918,1139292,569646,191800.0,56964600.0,100.0,False,True,3836,1918,0,0,3836,1918,4.8828125e-05,8.6045765620939,0.1260047018423621,0.1260047018423621,0.1260047018423621,False,-0.0012801199101818012,4.8828125e-05,True
trial,297,297,296,945.2513357487551,945.2513357487551,945.2496810603108,945.2496810603108,3836,1918,0,0,3836,1918,1143128,571564,191800.0,57156400.0,100.0,False,True,3836,1918,0,0,3836,1918,9.765625e-05,10.688750258166017,-0.5914302649448868,-0.5914302649448868,-0.5914302649448868,False,-0.0027977743825350274,9.765625e-05,False
trial,298,298,298,945.2493934437048,945.2493934437048,945.2493934437048,945.2493934437048,3836,1918,0,0,3836,1918,1146964,573482,191800.0,57348200.0,100.0,False,True,3836,1918,0,0,3836,1918,4.8828125e-05,10.688750258166017,0.20536921317520512,0.20536921317520512,0.20536921317520512,False,-0.001400485503844134,4.8828125e-05,True
trial,299,299,298,945.2513441914328,945.2513441914328,945.2493934437048,945.2493934437048,3836,1918,0,0,3836,1918,1150800,575400,191800.0,57540000.0,100.0,False,True,3836,1918,0,0,3836,1918,9.765625e-05,8.538961693615516,-0.7723289397086054,-0.7723289397086054,-0.7723289397086054,False,-0.0025257990834967607,9.765625e-05,False
trial,300,300,300,945.2492434019084,945.2492434019084,945.2492434019084,945.2492434019084,3836,1918,0,0,3836,1918,1154636,577318,191800.0,57731800.0,100.0,False,True,3836,1918,0,0,3836,1918,4.8828125e-05,8.538961693615516,0.11846692400466996,0.11846692400466996,0.11846692400466996,False,-0.0012665290132280842,4.8828125e-05,True
trial,301,301,300,945.2509043659446,945.2509043659446,945.2492434019084,945.2492434019084,3836,1918,0,0,3836,1918,1158472,579236,191800.0,57923600.0,100.0,False,True,3836,1918,0,0,3836,1918,9.765625e-05,10.648841172484934,-0.5949374629530384,-0.5949374629530384,-0.5949374629530384,False,-0.0027918296285469727,9.765625e-05,False
trial,302,302,302,945.2489584035467,945.2489584035467,945.2489584035467,945.2489584035467,3836,1918,0,0,3836,1918,1162308,581154,191800.0,58115400.0,100.0,False,True,3836,1918,0,0,3836,1918,4.8828125e-05,10.648841172484934,0.20384641641285184,0.20384641641285184,0.20384641641285184,False,-0.0013981033699313314,4.8828125e-05,True
trial,303,303,302,945.2508894251464,945.2508894251464,945.2489584035467,945.2489584035467,3836,1918,0,0,3836,1918,1166144,583072,191800.0,58307200.0,100.0,False,True,3836,1918,0,0,3836,1918,9.765625e-05,8.476042286239755,-0.7692506294580461,-0.7692506294580461,-0.7692506294580461,False,-0.002510263268912804,9.765625e-05,False
trial,304,304,304,945.248810548085,945.248810548085,945.248810548085,945.248810548085,3836,1918,0,0,3836,1918,1169980,584990,191800.0,58499000.0,100.0,False,True,3836,1918,0,0,3836,1918,4.8828125e-05,8.476042286239755,0.11765020864880125,0.11765020864880125,0.11765020864880125,False,-0.0012567377772062722,4.8828125e-05,True
trial,305,305,304,945.2505134547698,945.2505134547698,945.248810548085,945.248810548085,3836,1918,0,0,3836,1918,1173816,586908,191800.0,58690800.0,100.0,False,True,3836,1918,0,0,3836,1918,9.765625e-05,10.608490469472386,-0.6137212004431069,-0.6137212004431069,-0.6137212004431069,False,-0.0027747235774344373,9.765625e-05,False
trial,306,306,306,945.2485390624457,945.2485390624457,945.2485390624457,945.2485390624457,3836,1918,0,0,3836,1918,1177652,588826,191800.0,58882600.0,100.0,False,True,3836,1918,0,0,3836,1918,4.8828125e-05,10.608490469472386,0.19519479922954835,0.19519479922954835,0.19519479922954835,False,-0.0013908446347823673,4.8828125e-05,True
trial,307,307,306,945.2504707657804,945.2504707657804,945.2485390624457,945.2485390624457,3836,1918,0,0,3836,1918,1181488,590744,191800.0,59074400.0,100.0,False,True,3836,1918,0,0,3836,1918,9.765625e-05,8.425096220604177,-0.7664648163831111,-0.7664648163831111,-0.7664648163831111,False,-0.0025202765911395333,9.765625e-05,False
trial,308,308,308,945.2483903161888,945.2483903161888,945.2483903161888,945.2483903161888,3836,1918,0,0,3836,1918,1185324,592662,191800.0,59266200.0,100.0,False,True,3836,1918,0,0,3836,1918,4.8828125e-05,8.425096220604177,0.11782537552007213,0.11782537552007213,0.11782537552007213,False,-0.0012624297296904416,4.8828125e-05,True
trial,309,309,308,945.2501243480788,945.2501243480788,945.2483903161888,945.2483903161888,3836,1918,0,0,3836,1918,1189160,594580,191800.0,59458000.0,100.0,False,True,3836,1918,0,0,3836,1918,9.765625e-05,10.552775303785372,-0.6319167961154604,-0.6319167961154604,-0.6319167961154604,False,-0.002744082608136299,9.765625e-05,False
trial,310,310,310,945.2481341738388,945.2481341738388,945.2481341738388,945.2481341738388,3836,1918,0,0,3836,1918,1192996,596498,191800.0,59649800.0,100.0,False,True,3836,1918,0,0,3836,1918,4.8828125e-05,10.552775303785372,0.18621361047827645,0.18621361047827645,0.18621361047827645,False,-0.0013755296902423417,4.8828125e-05,True
trial,311,311,310,945.2500655218244,945.2500655218244,945.2481341738388,945.2481341738388,3836,1918,0,0,3836,1918,1196832,598416,191800.0,59841600.0,100.0,False,True,3836,1918,0,0,3836,1918,9.765625e-05,8.377008547720695,-0.7659782005699333,-0.7659782005699333,-0.7659782005699333,False,-0.002521413774041743,9.765625e-05,False
trial,312,312,312,945.2479851286389,945.2479851286389,945.2479851286389,945.2479851286389,3836,1918,0,0,3836,1918,1200668,600334,191800.0,60033400.0,100.0,False,True,3836,1918,0,0,3836,1918,4.8828125e-05,8.377008547720695,0.11803347965185598,0.11803347965185598,0.11803347965185598,False,-0.0012627366435225646,4.8828125e-05,True
trial,313,313,312,945.2497497641652,945.2497497641652,945.2479851286389,945.2479851286389,3836,1918,0,0,3836,1918,1204504,602252,191800.0,60225200.0,100.0,False,True,3836,1918,0,0,3836,1918,9.765625e-05,10.50376724510193,-0.6503475157100643,-0.6503475157100643,-0.6503475157100643,False,-0.0027133732100377873,9.765625e-05,False
trial,314,314,314,945.2477442365765,945.2477442365765,945.2477442365765,945.2477442365765,3836,1918,0,0,3836,1918,1208340,604170,191800.0,60417000.0,100.0,False,True,3836,1918,0,0,3836,1918,4.8828125e-05,10.50376724510193,0.17708672689917446,0.17708672689917446,0.17708672689917446,False,-0.0013603055779356633,4.8828125e-05,True
trial,315,315,314,945.2496755069783,945.2496755069783,945.2477442365765,945.2477442365765,3836,1918,0,0,3836,1918,1212176,606088,191800.0,60608800.0,100.0,False,True,3836,1918,0,0,3836,1918,9.765625e-05,8.331465476435962,-0.7656269485148441,-0.7656269485148441,-0.7656269485148441,False,-0.0025224692071191914,9.765625e-05,False
trial,316,316,316,945.2475949460331,945.2475949460331,945.2475949460331,945.2475949460331,3836,1918,0,0,3836,1918,1216012,608006,191800.0,60800600.0,100.0,False,True,3836,1918,0,0,3836,1918,4.8828125e-05,8.331465476435962,0.11819439745822576,0.11819439745822576,0.11819439745822576,False,-0.0012630932311609709,4.8828125e-05,True
trial,317,317,316,945.2493904501266,945.2493904501266,945.2475949460331,945.2475949460331,3836,1918,0,0,3836,1918,1219848,609924,191800.0,60992400.0,100.0,False,True,3836,1918,0,0,3836,1918,9.765625e-05,10.456568141984791,-0.669138936510953,-0.669138936510953,-0.669138936510953,False,-0.0026833053578402904,9.765625e-05,False
trial,318,318,318,945.2473691198214,945.2473691198214,945.2473691198214,945.2473691198214,3836,1918,0,0,3836,1918,1223684,611842,191800.0,61184200.0,100.0,False,True,3836,1918,0,0,3836,1918,4.8828125e-05,10.456568141984791,0.16785091778319766,0.16785091778319766,0.16785091778319766,False,-0.0013453975389967573,4.8828125e-05,True
trial,319,319,318,945.2492988755273,945.2492988755273,945.2473691198214,945.2473691198214,3836,1918,0,0,3836,1918,1227520,613760,191800.0,61376000.0,100.0,False,True,3836,1918,0,0,3836,1918,9.765625e-05,8.29067446876294,-0.76462693919952,-0.76462693919952,-0.76462693919952,False,-0.0025237872313179878,9.765625e-05,False
trial,320,320,320,945.2472194025647,945.2472194025647,945.2472194025647,945.2472194025647,3836,1918,0,0,3836,1918,1231356,615678,191800.0,61567800.0,100.0,False,True,3836,1918,0,0,3836,1918,4.8828125e-05,8.29067446876294,0.11847794794916354,0.11847794794916354,0.11847794794916354,False,-0.0012636719262596253,4.8828125e-05,True
trial,321,321,320,945.2490451712044,945.2490451712044,945.2472194025647,945.2472194025647,3836,1918,0,0,3836,1918,1235192,617596,191800.0,61759600.0,100.0,False,True,3836,1918,0,0,3836,1918,9.765625e-05,10.411567503945369,-0.6881536136145112,-0.6881536136145112,-0.6881536136145112,False,-0.002653141106284923,9.765625e-05,False
trial,322,322,322,945.2470090381712,945.2470090381712,945.2470090381712,945.2470090381712,3836,1918,0,0,3836,1918,1239028,619514,191800.0,61951400.0,100.0,False,True,3836,1918,0,0,3836,1918,4.8828125e-05,10.411567503945369,0.15819336496137248,0.15819336496137248,0.15819336496137248,False,-0.001329792773392574,4.8828125e-05,True
trial,323,323,322,945.2489384516566,945.2489384516566,945.2470090381712,945.2470090381712,3836,1918,0,0,3836,1918,1242864,621432,191800.0,62143200.0,100.0,False,True,3836,1918,0,0,3836,1918,9.765625e-05,8.264185531994197,-0.7641145219933311,-0.7641145219933311,-0.7641145219933311,False,-0.0025250318242615115,9.765625e-05,False
trial,324,324,324,945.2468590298531,945.2468590298531,945.2468590298531,945.2468590298531,3836,1918,0,0,3836,1918,1246700,623350,191800.0,62335000.0,100.0,False,True,3836,1918,0,0,3836,1918,4.8828125e-05,8.264185531994197,0.11866121443827704,0.11866121443827704,0.11866121443827704,False,-0.0012641731234364789,4.8828125e-05,True
trial,325,325,324,945.248609067339,945.248609067339,945.2468590298531,945.2468590298531,3836,1918,0,0,3836,1918,1250536,625268,191800.0,62526800.0,100.0,False,True,3836,1918,0,0,3836,1918,9.765625e-05,10.374595031809726,-0.6661204706327157,-0.6661204706327157,-0.6661204706327157,False,-0.0026272086852405247,9.765625e-05,False
trial,326,326,326,945.2466351310088,945.2466351310088,945.2466351310088,945.2466351310088,3836,1918,0,0,3836,1918,1254372,627186,191800.0,62718600.0,100.0,False,True,3836,1918,0,0,3836,1918,4.8828125e-05,10.374595031809726,0.17014952497502686,0.17014952497502686,0.17014952497502686,False,-0.0013158946187461695,4.8828125e-05,True
trial,327,327,326,945.2486372941878,945.2486372941878,945.2466351310088,945.2466351310088,3836,1918,0,0,3836,1918,1258208,629104,191800.0,62910400.0,100.0,False,True,3836,1918,0,0,3836,1918,9.765625e-05,8.168428217427671,-0.8192736304301914,-0.8192736304301914,-0.8192736304301914,False,-0.002443827195969465,9.765625e-05,False
trial,328,328,328,945.2465230708079,945.2465230708079,945.2465230708079,945.2465230708079,3836,1918,0,0,3836,1918,1262044,631022,191800.0,63102200.0,100.0,False,True,3836,1918,0,0,3836,1918,4.8828125e-05,8.168428217427671,0.09158999686169922,0.09158999686169922,0.09158999686169922,False,-0.0012234982499895798,4.8828125e-05,True
trial,329,329,328,945.2483148760356,945.2483148760356,945.2465230708079,945.2465230708079,3836,1918,0,0,3836,1918,1265880,632940,191800.0,63294000.0,100.0,False,True,3836,1918,0,0,3836,1918,9.765625e-05,10.370832378836093,-0.6666066180534723,-0.6666066180534723,-0.6666066180534723,False,-0.0026879499529605133,9.765625e-05,False
trial,330,330,330,945.24629547277,945.24629547277,945.24629547277,945.24629547277,3836,1918,0,0,3836,1918,1269716,634858,191800.0,63485800.0,100.0,False,True,3836,1918,0,0,3836,1918,4.8828125e-05,10.370832378836093,0.16893731075248103,0.16893731075248103,0.16893731075248103,False,-0.001347233698000973,4.8828125e-05,True
trial,331,331,330,945.2482969486578,945.2482969486578,945.24629547277,945.24629547277,3836,1918,0,0,3836,1918,1273552,636776,191800.0,63677600.0,100.0,False,True,3836,1918,0,0,3836,1918,9.765625e-05,8.133937370396485,-0.8170149033156668,-0.8170149033156668,-0.8170149033156668,False,-0.0024497422012585987,9.765625e-05,False
trial,332,332,332,945.2461821540801,945.2461821540801,945.2461821540801,945.2461821540801,3836,1918,0,0,3836,1918,1277388,638694,191800.0,63869400.0,100.0,False,True,3836,1918,0,0,3836,1918,4.8828125e-05,8.133937370396485,0.09239265927783921,0.09239265927783921,0.09239265927783921,False,-0.0012264901870001912,4.8828125e-05,True
trial,333,333,332,945.2480045932082,945.2480045932082,945.2461821540801,945.2461821540801,3836,1918,0,0,3836,1918,1281224,640612,191800.0,64061200.0,100.0,False,True,3836,1918,0,0,3836,1918,9.765625e-05,10.329949823234925,-0.6860286748411925,-0.6860286748411925,-0.6860286748411925,False,-0.0026565057626969668,9.765625e-05,False
trial,334,334,334,945.245970293641,945.245970293641,945.245970293641,945.245970293641,3836,1918,0,0,3836,1918,1285060,642530,191800.0,64253000.0,100.0,False,True,3836,1918,0,0,3836,1918,4.8828125e-05,10.329949823234925,0.15911352538542647,0.15911352538542647,0.15911352538542647,False,-0.001331504902434805,4.8828125e-05,True
trial,335,335,334,945.2479704114489,945.2479704114489,945.245970293641,945.245970293641,3836,1918,0,0,3836,1918,1288896,644448,191800.0,64444800.0,100.0,False,True,3836,1918,0,0,3836,1918,9.765625e-05,8.10171368616405,-0.8152261034552634,-0.8152261034552634,-0.8152261034552634,False,-0.0024534516245995727,9.765625e-05,False
trial,336,336,336,945.245855735872,945.245855735872,945.245855735872,945.245855735872,3836,1918,0,0,3836,1918,1292732,646366,191800.0,64636600.0,100.0,False,True,3836,1918,0,0,3836,1918,4.8828125e-05,8.10171368616405,0.09326077166813752,0.09326077166813752,0.09326077166813752,False,-0.0012283596510029486,4.8828125e-05,True
trial,337,337,336,945.2477068715929,945.2477068715929,945.245855735872,945.245855735872,3836,1918,0,0,3836,1918,1296568,648284,191800.0,64828400.0,100.0,False,True,3836,1918,0,0,3836,1918,9.765625e-05,10.286334651180038,-0.7045516068562075,-0.7045516068562075,-0.7045516068562075,False,-0.0026273954992063983,9.765625e-05,False
trial,338,338,338,945.2456583146251,945.2456583146251,945.2456583146251,945.2456583146251,3836,1918,0,0,3836,1918,1300404,650202,191800.0,65020200.0,100.0,False,True,3836,1918,0,0,3836,1918,4.8828125e-05,10.286334651180038,0.1499284367006673,0.1499284367006673,0.1499284367006673,False,-0.00131676986250823,4.8828125e-05,True
trial,339,339,338,945.2476579371951,945.2476579371951,945.2456583146251,945.2456583146251,3836,1918,0,0,3836,1918,1304240,652120,191800.0,65212000.0,100.0,False,True,3836,1918,0,0,3836,1918,9.765625e-05,8.07509820789874,-0.8144494088104123,-0.8144494088104123,-0.8144494088104123,False,-0.0024551832788701124,9.765625e-05,False
trial,340,340,340,945.2455430601194,945.2455430601194,945.2455430601194,945.2455430601194,3836,1918,0,0,3836,1918,1308076,654038,191800.0,65403800.0,100.0,False,True,3836,1918,0,0,3836,1918,4.8828125e-05,8.07509820789874,0.09378341156743675,0.09378341156743675,0.09378341156743675,False,-0.0012289434104829633,4.8828125e-05,True
trial,341,341,340,945.247421491975,945.247421491975,945.2455430601194,945.2455430601194,3836,1918,0,0,3836,1918,1311912,655956,191800.0,65595600.0,100.0,False,True,3836,1918,0,0,3836,1918,9.765625e-05,10.25176306695886,-0.722650433236774,-0.722650433236774,-0.722650433236774,False,-0.002599364463418937,9.765625e-05,False
trial,342,342,342,945.2453595215839,945.2453595215839,945.2453595215839,945.2453595215839,3836,1918,0,0,3836,1918,1315748,657874,191800.0,65787400.0,100.0,False,True,3836,1918,0,0,3836,1918,4.8828125e-05,10.25176306695886,0.14087998884463723,0.14087998884463723,0.14087998884463723,False,-0.0013028006111541668,4.8828125e-05,True
trial,343,343,342,945.2473572334939,945.2473572334939,945.2453595215839,945.2453595215839,3836,1918,0,0,3836,1918,1319584,659792,191800.0,65979200.0,100.0,False,True,3836,1918,0,0,3836,1918,9.765625e-05,8.054308331510276,-0.8128799929721859,-0.8128799929721859,-0.8128799929721859,False,-0.002457572984055462,9.765625e-05,False
trial,344,344,344,945.245243447833,945.245243447833,945.245243447833,945.245243447833,3836,1918,0,0,3836,1918,1323420,661710,191800.0,66171000.0,100.0,False,True,3836,1918,0,0,3836,1918,4.8828125e-05,8.054308331510276,0.09434491953992827,0.09434491953992827,0.09434491953992827,False,-0.0012303126805969064,4.8828125e-05,True
trial,345,345,344,945.2471392076711,945.2471392076711,945.245243447833,945.245243447833,3836,1918,0,0,3836,1918,1327256,663628,191800.0,66362800.0,100.0,False,True,3836,1918,0,0,3836,1918,9.765625e-05,10.230059594145045,-0.7374142015113591,-0.7374142015113591,-0.7374142015113591,False,-0.0025708208958403604,9.765625e-05,False
trial,346,346,346,945.2450729503433,945.2450729503433,945.2450729503433,945.2450729503433,3836,1918,0,0,3836,1918,1331092,665546,191800.0,66554600.0,100.0,False,True,3836,1918,0,0,3836,1918,4.8828125e-05,10.230059594145045,0.1322285653822787,0.1322285653822787,0.1322285653822787,False,-0.0012894149547448633,4.8828125e-05,True
trial,347,347,346,945.2470705044791,945.2470705044791,945.2450729503433,945.2450729503433,3836,1918,0,0,3836,1918,1334928,667464,191800.0,66746400.0,100.0,False,True,3836,1918,0,0,3836,1918,9.765625e-05,8.032543028393444,-0.8123030245908521,-0.8123030245908521,-0.8123030245908521,False,-0.0024591243357261336,9.765625e-05,False
trial,348,348,348,945.2449561523716,945.2449561523716,945.2449561523716,945.2449561523716,3836,1918,0,0,3836,1918,1338764,669382,191800.0,66938200.0,100.0,False,True,3836,1918,0,0,3836,1918,4.8828125e-05,8.032543028393444,0.09487919963039511,0.09487919963039511,0.09487919963039511,False,-0.0012310176747781653,4.8828125e-05,True
trial,349,349,348,945.2468283989792,945.2468283989792,945.2449561523716,945.2449561523716,3836,1918,0,0,3836,1918,1342600,671300,191800.0,67130000.0,100.0,False,True,3836,1918,0,0,3836,1918,9.765625e-05,10.195050016792676,-0.7316347147357165,-0.7316347147357165,-0.7316347147357165,False,-0.0025589909416484018,9.765625e-05,False
trial,350,350,350,945.2447828271296,945.2447828271296,945.2447828271296,945.2447828271296,3836,1918,0,0,3836,1918,1346436,673218,191800.0,67321800.0,100.0,False,True,3836,1918,0,0,3836,1918,4.8828125e-05,10.195050016792676,0.13531497880823604,0.13531497880823604,0.13531497880823604,False,-0.001280902111188094,4.8828125e-05,True
trial,351,351,350,945.2468260079024,945.2468260079024,945.2447828271296,945.2447828271296,3836,1918,0,0,3836,1918,1350272,675136,191800.0,67513600.0,100.0,False,True,3836,1918,0,0,3836,1918,9.765625e-05,7.9958723525716415,-0.8390286060832309,-0.8390286060832309,-0.8390286060832309,False,-0.0024351741502212543,9.765625e-05,False
trial,352,352,352,945.2446816506238,945.2446816506238,945.2446816506238,945.2446816506238,3836,1918,0,0,3836,1918,1354108,677054,191800.0,67705400.0,100.0,False,True,3836,1918,0,0,3836,1918,4.8828125e-05,7.9958723525716415,0.08287206727716656,0.08287206727716656,0.08287206727716656,False,-0.0012208758531162735,4.8828125e-05,True
trial,353,353,352,945.2465582160264,945.2465582160264,945.2446816506238,945.2446816506238,3836,1918,0,0,3836,1918,1357944,678972,191800.0,67897200.0,100.0,False,True,3836,1918,0,0,3836,1918,9.765625e-05,10.170522324486395,-0.7297425614243372,-0.7297425614243372,-0.7297425614243372,False,-0.0025715444073743615,9.765625e-05,False
trial,354,354,354,945.2445055516866,945.2445055516866,945.2445055516866,945.2445055516866,3836,1918,0,0,3836,1918,1361780,680890,191800.0,68089000.0,100.0,False,True,3836,1918,0,0,3836,1918,4.8828125e-05,10.170522324486395,0.1367996872228057,0.1367996872228057,0.1367996872228057,False,-0.0012872758753532329,4.8828125e-05,True
trial,355,355,354,945.2465781456301,945.2465781456301,945.2445055516866,945.2445055516866,3836,1918,0,0,3836,1918,1365616,682808,191800.0,68280800.0,100.0,False,True,3836,1918,0,0,3836,1918,9.765625e-05,7.951849352623886,-0.8617558024864734,-0.8617558024864734,-0.8617558024864734,False,-0.002405082666675122,9.765625e-05,False
trial,356,356,356,945.2444197174567,945.2444197174567,945.2444197174567,945.2444197174567,3836,1918,0,0,3836,1918,1369452,684726,191800.0,68472600.0,100.0,False,True,3836,1918,0,0,3836,1918,4.8828125e-05,7.951849352623886,0.07120685569644875,0.07120685569644875,0.07120685569644875,False,-0.0012054208698829701,4.8828125e-05,True
trial,357,357,356,945.2462955371009,945.2462955371009,945.2444197174567,945.2444197174567,3836,1918,0,0,3836,1918,1373288,686644,191800.0,68664400.0,100.0,False,True,3836,1918,0,0,3836,1918,9.765625e-05,10.158605883317321,-0.7281907204632142,-0.7281907204632142,-0.7281907204632142,False,-0.0025760004782486878,9.765625e-05,False
trial,358,358,358,945.2442425398075,945.2442425398075,945.2442425398075,945.2442425398075,3836,1918,0,0,3836,1918,1377124,688562,191800.0,68856200.0,100.0,False,True,3836,1918,0,0,3836,1918,4.8828125e-05,10.158605883317321,0.13737406798893145,0.13737406798893145,0.13737406798893145,False,-0.0012897459601677855,4.8828125e-05,True
trial,359,359,358,945.2463432704117,945.2463432704117,945.2442425398075,945.2442425398075,3836,1918,0,0,3836,1918,1380960,690480,191800.0,69048000.0,100.0,False,True,3836,1918,0,0,3836,1918,9.765625e-05,8.010522046285041,-0.8837363062340653,-0.8837363062340653,-0.8837363062340653,False,-0.002377101166224365,9.765625e-05,False
trial,360,360,360,945.2441704436817,945.2441704436817,945.2441704436817,945.2441704436817,3836,1918,0,0,3836,1918,1384796,692398,191800.0,69239800.0,100.0,False,True,3836,1918,0,0,3836,1918,4.8828125e-05,8.010522046285041,0.060507066202933404,0.060507066202933404,0.060507066202933404,False,-0.0011915323335852219,4.8828125e-05,True
trial,361,361,360,945.2460430322417,945.2460430322417,945.2441704436817,945.2441704436817,3836,1918,0,0,3836,1918,1388632,694316,191800.0,69431600.0,100.0,False,True,3836,1918,0,0,3836,1918,9.765625e-05,10.122983283175454,-0.7258383142055467,-0.7258383142055467,-0.7258383142055467,False,-0.0025798976484731674,9.765625e-05,False
trial,362,362,362,945.2439919376388,945.2439919376388,945.2439919376388,945.2439919376388,3836,1918,0,0,3836,1918,1392468,696234,191800.0,69623400.0,100.0,False,True,3836,1918,0,0,3836,1918,4.8828125e-05,10.122983283175454,0.1382483121283491,0.1382483121283491,0.1382483121283491,False,-0.0012911987141780278,4.8828125e-05,True
trial,363,363,362,945.2461188259824,945.2461188259824,945.2439919376388,945.2439919376388,3836,1918,0,0,3836,1918,1396304,698152,191800.0,69815200.0,100.0,False,True,3836,1918,0,0,3836,1918,9.765625e-05,7.897080923886163,-0.9051378448591122,-0.9051378448591122,-0.9051378448591122,False,-0.0023497949573784314,9.765625e-05,False
trial,364,364,364,945.2439331031351,945.2439331031351,945.2439331031351,945.2439331031351,3836,1918,0,0,3836,1918,1400140,700070,191800.0,70007000.0,100.0,False,True,3836,1918,0,0,3836,1918,4.8828125e-05,7.897080923886163,0.049942681474827985,0.049942681474827985,0.049942681474827985,False,-0.001178040546160336,4.8828125e-05,True
trial,365,365,365,945.2435646399979,945.2435646399979,945.2435646399979,945.2435646399979,3836,1918,0,0,3836,1918,1403976,701988,191800.0,70198800.0,100.0,False,True,3836,1918,0,0,3836,1918,2.44140625e-05,10.12089105506334,0.5697373776933436,0.5697373776933436,0.5697373776933436,False,-0.000646724528912412,2.44140625e-05,True
trial,366,366,365,945.243883318187,945.243883318187,945.2435646399979,945.2435646399979,3836,1918,0,0,3836,1918,1407812,703906,191800.0,70390600.0,100.0,False,True,3836,1918,0,0,3836,1918,4.8828125e-05,4.177304060568079,-0.5165139105027992,-0.5165139105027992,-0.5165139105027992,False,-0.0006169789093381157,4.8828125e-05,False
trial,367,367,367,945.2434899649666,945.2434899649666,945.2434899649666,945.2434899649666,3836,1918,0,0,3836,1918,1411648,705824,191800.0,70582400.0,100.0,False,True,3836,1918,0,0,3836,1918,2.44140625e-05,4.177304060568079,0.24182154013827328,0.24182154013827328,0.24182154013827328,False,-0.00030880223195004977,2.44140625e-05,True
trial,368,368,367,945.2438815775578,945.2438815775578,945.2434899649666,945.2434899649666,3836,1918,0,0,3836,1918,1415484,707742,191800.0,70774200.0,100.0,False,True,3836,1918,0,0,3836,1918,4.8828125e-05,3.809905151584942,-0.712458409431013,-0.712458409431013,-0.712458409431013,False,-0.0005496637923444734,4.8828125e-05,False
trial,369,369,369,945.2434496186565,945.2434496186565,945.2434496186565,945.2434496186565,3836,1918,0,0,3836,1918,1419320,709660,191800.0,70966000.0,100.0,False,True,3836,1918,0,0,3836,1918,2.44140625e-05,3.809905151584942,0.14646371147120874,0.14646371147120874,0.14646371147120874,False,-0.00027546966829066264,2.44140625e-05,True
trial,370,370,369,945.243767043808,945.243767043808,945.2434496186565,945.2434496186565,3836,1918,0,0,3836,1918,1423156,711578,191800.0,71157800.0,100.0,False,True,3836,1918,0,0,3836,1918,4.8828125e-05,4.149476974776737,-0.5134301045187404,-0.5134301045187404,-0.5134301045187404,False,-0.0006182441362233557,4.8828125e-05,False
trial,371,371,371,945.2433743000445,945.2433743000445,945.2433743000445,945.2433743000445,3836,1918,0,0,3836,1918,1426992,713496,191800.0,71349600.0,100.0,False,True,3836,1918,0,0,3836,1918,2.44140625e-05,4.149476974776737,0.24341666000915854,0.24341666000915854,0.24341666000915854,False,-0.00030942258454724585,2.44140625e-05,True
trial,372,372,371,945.2437507133532,945.2437507133532,945.2433743000445,945.2433743000445,3836,1918,0,0,3836,1918,1430828,715414,191800.0,71541400.0,100.0,False,True,3836,1918,0,0,3836,1918,4.8828125e-05,3.78360258306938,-0.6942264957980089,-0.6942264957980089,-0.6942264957980089,False,-0.0005422053335106605,4.8828125e-05,False
trial,373,373,373,945.2433372419814,945.2433372419814,945.2433372419814,945.2433372419814,3836,1918,0,0,3836,1918,1434664,717332,191800.0,71733200.0,100.0,False,True,3836,1918,0,0,3836,1918,2.44140625e-05,3.78360258306938,0.13641615804097887,0.13641615804097887,0.13641615804097887,False,-0.00027165449902492205,2.44140625e-05,True
trial,374,374,373,945.2436554884301,945.2436554884301,945.2433372419814,945.2433372419814,3836,1918,0,0,3836,1918,1438500,719250,191800.0,71925000.0,100.0,False,True,3836,1918,0,0,3836,1918,4.8828125e-05,4.1322932845577,-0.5147342056638197,-0.5147342056638197,-0.5147342056638197,False,-0.0006182733636629224,4.8828125e-05,False
trial,375,375,375,945.2432618376118,945.2432618376118,945.2432618376118,945.2432618376118,3836,1918,0,0,3836,1918,1442336,721168,191800.0,72116800.0,100.0,False,True,3836,1918,0,0,3836,1918,2.44140625e-05,4.1322932845577,0.2435777601716217,0.2435777601716217,0.2435777601716217,False,-0.0003095700096542004,2.44140625e-05,True
trial,376,376,375,945.2436543635579,945.2436543635579,945.2432618376118,945.2432618376118,3836,1918,0,0,3836,1918,1446172,723086,191800.0,72308600.0,100.0,False,True,3836,1918,0,0,3836,1918,4.8828125e-05,3.8214781566651532,-0.7251288134946886,-0.7251288134946886,-0.7251288134946886,False,-0.00054131891980472,4.8828125e-05,False
trial,377,377,377,945.2432241223165,945.2432241223165,945.2432241223165,945.2432241223165,3836,1918,0,0,3836,1918,1450008,725004,191800.0,72500400.0,100.0,False,True,3836,1918,0,0,3836,1918,2.44140625e-05,3.8214781566651532,0.13918693430067205,0.13918693430067205,0.13918693430067205,False,-0.0002709686473812429,2.44140625e-05,True
trial,378,378,377,945.2435529467007,945.2435529467007,945.2432241223165,945.2432241223165,3836,1918,0,0,3836,1918,1453844,726922,191800.0,72692200.0,100.0,False,True,3836,1918,0,0,3836,1918,4.8828125e-05,4.108948030830972,-0.5354705384372269,-0.5354705384372269,-0.5354705384372269,False,-0.000614084922608336,4.8828125e-05,False
trial,379,379,379,945.2431524102924,945.2431524102924,945.2431524102924,945.2431524102924,3836,1918,0,0,3836,1918,1457680,728840,191800.0,72884000.0,100.0,False,True,3836,1918,0,0,3836,1918,2.44140625e-05,4.108948030830972,0.2330233975717855,0.2330233975717855,0.2330233975717855,False,-0.00030774602409305195,2.44140625e-05,True
trial,380,380,379,945.243544946045,945.243544946045,945.2431524102924,945.2431524102924,3836,1918,0,0,3836,1918,1461516,730758,191800.0,73075800.0,100.0,False,True,3836,1918,0,0,3836,1918,4.8828125e-05,3.7424493721507495,-0.7245376761227831,-0.7245376761227831,-0.7245376761227831,False,-0.0005417741071157732,4.8828125e-05,False
trial,381,381,381,945.2431139748351,945.2431139748351,945.2431139748351,945.2431139748351,3836,1918,0,0,3836,1918,1465352,732676,191800.0,73267600.0,100.0,False,True,3836,1918,0,0,3836,1918,2.44140625e-05,3.7424493721507495,0.1414497480316324,0.1414497480316324,0.1414497480316324,False,-0.0002717251735116072,2.44140625e-05,True
trial,382,382,381,945.2434502406475,945.2434502406475,945.2431139748351,945.2431139748351,3836,1918,0,0,3836,1918,1469188,734594,191800.0,73459400.0,100.0,False,True,3836,1918,0,0,3836,1918,4.8828125e-05,4.084734621970616,-0.5544445706066253,-0.5544445706066253,-0.5544445706066253,False,-0.0006064913071930861,4.8828125e-05,False
trial,383,383,383,945.2430459536536,945.2430459536536,945.2430459536536,945.2430459536536,3836,1918,0,0,3836,1918,1473024,736512,191800.0,73651200.0,100.0,False,True,3836,1918,0,0,3836,1918,2.44140625e-05,4.084734621970616,0.22379002600816825,0.22379002600816825,0.22379002600816825,False,-0.0003039509075471071,2.44140625e-05,True
trial,384,384,383,945.243436673037,945.243436673037,945.2430459536536,945.2430459536536,3836,1918,0,0,3836,1918,1476860,738430,191800.0,73843000.0,100.0,False,True,3836,1918,0,0,3836,1918,4.8828125e-05,3.722051946814237,-0.7187565873344822,-0.7187565873344822,-0.7187565873344822,False,-0.0005436045947805998,4.8828125e-05,False
trial,385,385,385,945.2430067589391,945.2430067589391,945.2430067589391,945.2430067589391,3836,1918,0,0,3836,1918,1480696,740348,191800.0,74034800.0,100.0,False,True,3836,1918,0,0,3836,1918,2.44140625e-05,3.722051946814237,0.14386251671178868,0.14386251671178868,0.14386251671178868,False,-0.00027244563291330993,2.44140625e-05,True
trial,386,386,385,945.2433505159295,945.2433505159295,945.2430067589391,945.2430067589391,3836,1918,0,0,3836,1918,1484532,742266,191800.0,74226600.0,100.0,False,True,3836,1918,0,0,3836,1918,4.8828125e-05,4.0525849787215344,-0.5739068613924284,-0.5739068613924284,-0.5739068613924284,False,-0.0005989769655281512,4.8828125e-05,False
trial,387,387,387,945.2429424547419,945.2429424547419,945.2429424547419,945.2429424547419,3836,1918,0,0,3836,1918,1488368,744184,191800.0,74418400.0,100.0,False,True,3836,1918,0,0,3836,1918,2.44140625e-05,4.0525849787215344,0.21415978348895512,0.21415978348895512,0.21415978348895512,False,-0.00030026271148186266,2.44140625e-05,True
trial,388,388,387,945.2433314386384,945.2433314386384,945.2429424547419,945.2429424547419,3836,1918,0,0,3836,1918,1492204,746102,191800.0,74610200.0,100.0,False,True,3836,1918,0,0,3836,1918,4.8828125e-05,3.7090346050757232,-0.7131741974137288,-0.7131741974137288,-0.7131741974137288,False,-0.000545426205741152,4.8828125e-05,False
trial,389,389,389,945.2429025406884,945.2429025406884,945.2429025406884,945.2429025406884,3836,1918,0,0,3836,1918,1496040,748020,191800.0,74802000.0,100.0,False,True,3836,1918,0,0,3836,1918,2.44140625e-05,3.7090346050757232,0.1461206705689282,0.1461206705689282,0.1461206705689282,False,-0.000273158159554652,2.44140625e-05,True
trial,390,390,389,945.243254086276,945.243254086276,945.2429025406884,945.2429025406884,3836,1918,0,0,3836,1918,1499876,749938,191800.0,74993800.0,100.0,False,True,3836,1918,0,0,3836,1918,4.8828125e-05,4.02977891168628,-0.5946539999335195,-0.5946539999335195,-0.5946539999335195,False,-0.0005911766970887597,4.8828125e-05,False
trial,391,391,391,945.2428421480304,945.2428421480304,945.2428421480304,945.2428421480304,3836,1918,0,0,3836,1918,1503712,751856,191800.0,75185600.0,100.0,False,True,3836,1918,0,0,3836,1918,2.44140625e-05,4.02977891168628,0.20378826220144378,0.20378826220144378,0.20378826220144378,False,-0.0002963500320875998,2.44140625e-05,True
trial,392,392,391,945.2432292623055,945.2432292623055,945.2428421480304,945.2428421480304,3836,1918,0,0,3836,1918,1507548,753774,191800.0,75377400.0,100.0,False,True,3836,1918,0,0,3836,1918,4.8828125e-05,3.7088526147985803,-0.7075647005933835,-0.7075647005933835,-0.7075647005933835,False,-0.0005471079532018423,4.8828125e-05,False
trial,393,393,393,945.242801602348,945.242801602348,945.242801602348,945.242801602348,3836,1918,0,0,3836,1918,1511384,755692,191800.0,75569200.0,100.0,False,True,3836,1918,0,0,3836,1918,2.44140625e-05,3.7088526147985803,0.14805672965181302,0.14805672965181302,0.14805672965181302,False,-0.0002738523435637389,2.44140625e-05,True
trial,394,394,393,945.2431444307911,945.2431444307911,945.242801602348,945.242801602348,3836,1918,0,0,3836,1918,1515220,757610,191800.0,75761000.0,100.0,False,True,3836,1918,0,0,3836,1918,4.8828125e-05,4.0085657893995545,-0.5873100305691146,-0.5873100305691146,-0.5873100305691146,False,-0.000583726524726441,4.8828125e-05,False
trial,395,395,395,945.2427439664577,945.2427439664577,945.2427439664577,945.2427439664577,3836,1918,0,0,3836,1918,1519056,759528,191800.0,75952800.0,100.0,False,True,3836,1918,0,0,3836,1918,2.44140625e-05,4.0085657893995545,0.19699502772561076,0.19699502772561076,0.19699502772561076,False,-0.0002925753553730575,2.44140625e-05,True
trial,396,396,395,945.2431317338635,945.2431317338635,945.2427439664577,945.2427439664577,3836,1918,0,0,3836,1918,1522892,761446,191800.0,76144600.0,100.0,False,True,3836,1918,0,0,3836,1918,4.8828125e-05,3.6772256187459207,-0.7094334760170758,-0.7094334760170758,-0.7094334760170758,False,-0.0005465874093394544,4.8828125e-05,False
trial,397,397,397,945.2427035734108,945.2427035734108,945.2427035734108,945.2427035734108,3836,1918,0,0,3836,1918,1526728,763364,191800.0,76336400.0,100.0,False,True,3836,1918,0,0,3836,1918,2.44140625e-05,3.6772256187459207,0.14760268811551433,0.14760268811551433,0.14760268811551433,False,-0.0002736606454642784,2.44140625e-05,True
trial,398,398,397,945.2430558412116,945.2430558412116,945.2427035734108,945.2427035734108,3836,1918,0,0,3836,1918,1530564,765282,191800.0,76528200.0,100.0,False,True,3836,1918,0,0,3836,1918,4.8828125e-05,3.9886517847422924,-0.6054779697188192,-0.6054779697188192,-0.6054779697188192,False,-0.0005818011857628916,4.8828125e-05,False
trial,399,399,399,945.242646310662,945.242646310662,945.242646310662,945.242646310662,3836,1918,0,0,3836,1918,1534400,767200,191800.0,76720000.0,100.0,False,True,3836,1918,0,0,3836,1918,2.44140625e-05,3.9886517847422924,0.19653769527819437,0.19653769527819437,0.19653769527819437,False,-0.0002913575876711632,2.44140625e-05,True
trial,400,400,399,945.24304271351,945.24304271351,945.242646310662,945.242646310662,3836,1918,0,0,3836,1918,1538236,769118,191800.0,76911800.0,100.0,False,True,3836,1918,0,0,3836,1918,4.8828125e-05,3.674322115216181,-0.7278740937931888,-0.7278740937931888,-0.7278740937931888,False,-0.0005446035946997617,4.8828125e-05,False
trial,401,401,401,945.2426084018695,945.2426084018695,945.2426084018695,945.2426084018695,3836,1918,0,0,3836,1918,1542072,771036,191800.0,77103600.0,100.0,False,True,3836,1918,0,0,3836,1918,2.44140625e-05,3.674322115216181,0.13884957512169213,0.13884957512169213,0.13884957512169213,False,-0.00027302058763168356,2.44140625e-05,True
trial,402,402,401,945.2429606561209,945.2429606561209,945.2426084018695,945.2426084018695,3836,1918,0,0,3836,1918,1545908,772954,191800.0,77295400.0,100.0,False,True,3836,1918,0,0,3836,1918,4.8828125e-05,3.9885597085090696,-0.6039873986064105,-0.6039873986064105,-0.6039873986064105,False,-0.000583214570763351,4.8828125e-05,False
trial,403,403,403,945.2425503221808,945.2425503221808,945.2425503221808,945.2425503221808,3836,1918,0,0,3836,1918,1549744,774872,191800.0,77487200.0,100.0,False,True,3836,1918,0,0,3836,1918,2.44140625e-05,3.9885597085090696,0.19879900074893256,0.19879900074893256,0.19879900074893256,False,-0.00029215281980121775,2.44140625e-05,True
trial,404,404,403,945.2429547976595,945.2429547976595,945.2425503221808,945.2425503221808,3836,1918,0,0,3836,1918,1553580,776790,191800.0,77679000.0,100.0,False,True,3836,1918,0,0,3836,1918,4.8828125e-05,3.6337569287228644,-0.7537528235843985,-0.7537528235843985,-0.7537528235843985,False,-0.0005366155403490428,4.8828125e-05,False
trial,405,405,405,945.242516185893,945.242516185893,945.242516185893,945.242516185893,3836,1918,0,0,3836,1918,1557416,778708,191800.0,77870800.0,100.0,False,True,3836,1918,0,0,3836,1918,2.44140625e-05,3.6337569287228644,0.1267917972042815,0.1267917972042815,0.1267917972042815,False,-0.00026923104302959636,2.44140625e-05,True
trial,406,406,405,945.2428669850804,945.2428669850804,945.242516185893,945.242516185893,3836,1918,0,0,3836,1918,1561252,780626,191800.0,78062600.0,100.0,False,True,3836,1918,0,0,3836,1918,4.8828125e-05,3.958106064649115,-0.5998779351694457,-0.5998779351694457,-0.5998779351694457,False,-0.0005847842815650986,4.8828125e-05,False
trial,407,407,407,945.2424575061827,945.2424575061827,945.2424575061827,945.2424575061827,3836,1918,0,0,3836,1918,1565088,782544,191800.0,78254400.0,100.0,False,True,3836,1918,0,0,3836,1918,2.44140625e-05,3.958106064649115,0.20043095813417083,0.20043095813417083,0.20043095813417083,False,-0.0002927676982160901,2.44140625e-05,True
trial,408,408,407,945.2428696639186,945.2428696639186,945.2424575061827,945.2424575061827,3836,1918,0,0,3836,1918,1568924,784462,191800.0,78446200.0,100.0,False,True,3836,1918,0,0,3836,1918,4.8828125e-05,3.606211728200829,-0.7790308850167059,-0.7790308850167059,-0.7790308850167059,False,-0.0005290646927307913,4.8828125e-05,False
trial,409,409,409,945.2424273680355,945.2424273680355,945.2424273680355,945.2424273680355,3836,1918,0,0,3836,1918,1572760,786380,191800.0,78638000.0,100.0,False,True,3836,1918,0,0,3836,1918,2.44140625e-05,3.606211728200829,0.11361293847862242,0.11361293847862242,0.11361293847862242,False,-0.00026527037927633046,2.44140625e-05,True
trial,410,410,409,945.2427772456879,945.2427772456879,945.2424273680355,945.2424273680355,3836,1918,0,0,3836,1918,1576596,788298,191800.0,78829800.0,100.0,False,True,3836,1918,0,0,3836,1918,4.8828125e-05,3.94787527865816,-0.5970790772133702,-0.5970790772133702,-0.5970790772133702,False,-0.0005859821014731227,4.8828125e-05,False
trial,411,411,411,945.2423680268405,945.2423680268405,945.2423680268405,945.2423680268405,3836,1918,0,0,3836,1918,1580432,790216,191800.0,79021600.0,100.0,False,True,3836,1918,0,0,3836,1918,2.44140625e-05,3.94787527865816,0.20222860646852178,0.20222860646852178,0.20222860646852178,False,-0.00029343620571631085,2.44140625e-05,True
trial,412,412,411,945.2427872256967,945.2427872256967,945.2423680268405,945.2423680268405,3836,1918,0,0,3836,1918,1584268,792134,191800.0,79213400.0,100.0,False,True,3836,1918,0,0,3836,1918,4.8828125e-05,3.5834750552306205,-0.8033128554703843,-0.8033128554703843,-0.8033128554703843,False,-0.0005218376045551263,4.8828125e-05,False
trial,413,413,413,945.242341395618,945.242341395618,945.242341395618,945.242341395618,3836,1918,0,0,3836,1918,1588104,794052,191800.0,79405200.0,100.0,False,True,3836,1918,0,0,3836,1918,2.44140625e-05,3.5834750552306205,0.10176312171042393,0.10176312171042393,0.10176312171042393,False,-0.0002616981673353621,2.44140625e-05,True
trial,414,414,413,945.2426907551695,945.2426907551695,945.242341395618,945.242341395618,3836,1918,0,0,3836,1918,1591940,795970,191800.0,79597000.0,100.0,False,True,3836,1918,0,0,3836,1918,4.8828125e-05,3.9481477588913063,-0.5954047533466817,-0.5954047533466817,-0.5954047533466817,False,-0.0005867597621863158,4.8828125e-05,False
trial,415,415,415,945.2422813156928,945.2422813156928,945.2422813156928,945.2422813156928,3836,1918,0,0,3836,1918,1595776,797888,191800.0,79788800.0,100.0,False,True,3836,1918,0,0,3836,1918,2.44140625e-05,3.9481477588913063,0.20425698997865083,0.20425698997865083,0.20425698997865083,False,-0.0002941388944682111,2.44140625e-05,True
trial,416,416,415,945.2427079795159,945.2427079795159,945.2422813156928,945.2422813156928,3836,1918,0,0,3836,1918,1599612,799806,191800.0,79980600.0,100.0,False,True,3836,1918,0,0,3836,1918,4.8828125e-05,3.5588730158933424,-0.8297177595067403,-0.8297177595067403,-0.8297177595067403,False,-0.0005142276613809991,4.8828125e-05,False
trial,417,417,417,945.2422585111037,945.2422585111037,945.2422585111037,945.2422585111037,3836,1918,0,0,3836,1918,1603448,801724,191800.0,80172400.0,100.0,False,True,3836,1918,0,0,3836,1918,2.44140625e-05,3.5588730158933424,0.08843699021689887,0.08843699021689887,0.08843699021689887,False,-0.00025786256449489075,2.44140625e-05,True
trial,418,418,417,945.2426062650552,945.2426062650552,945.2422585111037,945.2422585111037,3836,1918,0,0,3836,1918,1607284,803642,191800.0,80364200.0,100.0,False,True,3836,1918,0,0,3836,1918,4.8828125e-05,3.934648328974736,-0.5909330460826542,-0.5909330460826542,-0.5909330460826542,False,-0.0005884828302946358,4.8828125e-05,False
trial,419,419,419,945.2421979536741,945.2421979536741,945.2421979536741,945.2421979536741,3836,1918,0,0,3836,1918,1611120,805560,191800.0,80556000.0,100.0,False,True,3836,1918,0,0,3836,1918,2.44140625e-05,3.934648328974736,0.20545270889011913,0.20545270889011913,0.20545270889011913,False,-0.0002947511859693515,2.44140625e-05,True
trial,420,420,419,945.2426200064343,945.2426200064343,945.2421979536741,945.2421979536741,3836,1918,0,0,3836,1918,1614956,807478,191800.0,80747800.0,100.0,False,True,3836,1918,0,0,3836,1918,4.8828125e-05,3.568117734590164,-0.8249904717163826,-0.8249904717163826,-0.8249904717163826,False,-0.0005115850117905672,4.8828125e-05,False
trial,421,421,421,945.2421747134297,945.2421747134297,945.2421747134297,945.2421747134297,3836,1918,0,0,3836,1918,1618792,809396,191800.0,80939600.0,100.0,False,True,3836,1918,0,0,3836,1918,2.44140625e-05,3.568117734590164,0.09076916431437611,0.09076916431437611,0.09076916431437611,False,-0.00025603677879903076,2.44140625e-05,True
trial,422,422,421,945.242532874845,945.242532874845,945.2421747134297,945.2421747134297,3836,1918,0,0,3836,1918,1622628,811314,191800.0,81131400.0,100.0,False,True,3836,1918,0,0,3836,1918,4.8828125e-05,3.916608764104632,-0.612740097587017,-0.612740097587017,-0.612740097587017,False,-0.000584524199928746,4.8828125e-05,False
trial,423,423,423,945.2421175429554,945.2421175429554,945.2421175429554,945.2421175429554,3836,1918,0,0,3836,1918,1626464,813232,191800.0,81323200.0,100.0,False,True,3836,1918,0,0,3836,1918,2.44140625e-05,3.916608764104632,0.19505799170910143,0.19505799170910143,0.19505799170910143,False,-0.00029309475500852476,2.44140625e-05,True
trial,424,424,423,945.242538508646,945.242538508646,945.2421175429554,945.2421175429554,3836,1918,0,0,3836,1918,1630300,815150,191800.0,81515000.0,100.0,False,True,3836,1918,0,0,3836,1918,4.8828125e-05,3.54736228886522,-0.8205841828558298,-0.8205841828558298,-0.8205841828558298,False,-0.0005130073177523539,4.8828125e-05,False
trial,425,425,425,945.2420936545302,945.2420936545302,945.2420936545302,945.2420936545302,3836,1918,0,0,3836,1918,1634136,817068,191800.0,81706800.0,100.0,False,True,3836,1918,0,0,3836,1918,2.44140625e-05,3.54736228886522,0.09290196265092183,0.09290196265092183,0.09290196265092183,False,-0.0002571358504611567,2.44140625e-05,True
trial,426,426,425,945.2424595854857,945.2424595854857,945.2420936545302,945.2420936545302,3836,1918,0,0,3836,1918,1637972,818986,191800.0,81898600.0,100.0,False,True,3836,1918,0,0,3836,1918,4.8828125e-05,3.8930388466914483,-0.6344625005289065,-0.6344625005289065,-0.6344625005289065,False,-0.0005767574209078141,4.8828125e-05,False
trial,427,427,427,945.2420403932038,945.2420403932038,945.2420403932038,945.2420403932038,3836,1918,0,0,3836,1918,1641808,820904,191800.0,82090400.0,100.0,False,True,3836,1918,0,0,3836,1918,2.44140625e-05,3.8930388466914483,0.18419922666027433,0.18419922666027433,0.18419922666027433,False,-0.0002891506518374752,2.44140625e-05,True
trial,428,428,427,945.2424595574822,945.2424595574822,945.2420403932038,945.2420403932038,3836,1918,0,0,3836,1918,1645644,822822,191800.0,82282200.0,100.0,False,True,3836,1918,0,0,3836,1918,4.8828125e-05,3.538612250987251,-0.8142960020621309,-0.8142960020621309,-0.8142960020621309,False,-0.000514756645504217,4.8828125e-05,False
trial,429,429,429,945.2420158340437,945.2420158340437,945.2420158340437,945.2420158340437,3836,1918,0,0,3836,1918,1649480,824740,191800.0,82474000.0,100.0,False,True,3836,1918,0,0,3836,1918,2.44140625e-05,3.538612250987251,0.09526154181990867,0.09526154181990867,0.09526154181990867,False,-0.0002578077106600779,2.44140625e-05,True
trial,430,430,429,945.2423890395564,945.2423890395564,945.2420158340437,945.2420158340437,3836,1918,0,0,3836,1918,1653316,826658,191800.0,82665800.0,100.0,False,True,3836,1918,0,0,3836,1918,4.8828125e-05,3.872700070241863,-0.6554926068627948,-0.6554926068627948,-0.6554926068627948,False,-0.0005693512158339402,4.8828125e-05,False
trial,431,431,431,945.2419663420362,945.2419663420362,945.2419663420362,945.2419663420362,3836,1918,0,0,3836,1918,1657152,828576,191800.0,82857600.0,100.0,False,True,3836,1918,0,0,3836,1918,2.44140625e-05,3.872700070241863,0.17340819884460698,0.17340819884460698,0.17340819884460698,False,-0.0002854075404136616,2.44140625e-05,True
trial,432,432,431,945.2423841954582,945.2423841954582,945.2419663420362,945.2419663420362,3836,1918,0,0,3836,1918,1660988,830494,191800.0,83049400.0,100.0,False,True,3836,1918,0,0,3836,1918,4.8828125e-05,3.5139073116056054,-0.8096359110649771,-0.8096359110649771,-0.8096359110649771,False,-0.0005161004054114987,4.8828125e-05,False
trial,433,433,433,945.2419413973016,945.2419413973016,945.2419413973016,945.2419413973016,3836,1918,0,0,3836,1918,1664824,832412,191800.0,83241200.0,100.0,False,True,3836,1918,0,0,3836,1918,2.44140625e-05,3.5139073116056054,0.09658501366235252,0.09658501366235252,0.09658501366235252,False,-0.00025826713336934363,2.44140625e-05,True
trial,434,434,433,945.2423225924937,945.2423225924937,945.2419413973016,945.2419413973016,3836,1918,0,0,3836,1918,1668660,834330,191800.0,83433000.0,100.0,False,True,3836,1918,0,0,3836,1918,4.8828125e-05,3.8551622730475743,-0.6789173081186999,-0.6789173081186999,-0.6789173081186999,False,-0.000561475142118237,4.8828125e-05,False
trial,435,435,435,945.2418956476718,945.2418956476718,945.2418956476718,945.2418956476718,3836,1918,0,0,3836,1918,1672496,836248,191800.0,83624800.0,100.0,False,True,3836,1918,0,0,3836,1918,2.44140625e-05,3.8551622730475743,0.16243353015982537,0.16243353015982537,0.16243353015982537,False,-0.0002816513919093074,2.44140625e-05,True
trial,436,436,435,945.2423122919625,945.2423122919625,945.2418956476718,945.2418956476718,3836,1918,0,0,3836,1918,1676332,838166,191800.0,83816600.0,100.0,False,True,3836,1918,0,0,3836,1918,4.8828125e-05,3.5116686080079624,-0.805454001752079,-0.805454001752079,-0.805454001752079,False,-0.0005172788140454356,4.8828125e-05,False
trial,437,437,437,945.2418699839252,945.2418699839252,945.2418699839252,945.2418699839252,3836,1918,0,0,3836,1918,1680168,840084,191800.0,84008400.0,100.0,False,True,3836,1918,0,0,3836,1918,2.44140625e-05,3.5116686080079624,0.09911720262499703,0.09911720262499703,0.09911720262499703,False,-0.00025892323305909534,2.44140625e-05,True
trial,438,438,437,945.2422422353816,945.2422422353816,945.2418699839252,945.2418699839252,3836,1918,0,0,3836,1918,1684004,842002,191800.0,84200200.0,100.0,False,True,3836,1918,0,0,3836,1918,4.8828125e-05,3.843355972338962,-0.6718150786873265,-0.6718150786873265,-0.6718150786873265,False,-0.000554098096623047,4.8828125e-05,False
trial,439,439,439,945.2418279843721,945.2418279843721,945.2418279843721,945.2418279843721,3836,1918,0,0,3836,1918,1687840,843920,191800.0,84392000.0,100.0,False,True,3836,1918,0,0,3836,1918,2.44140625e-05,3.843355972338962,0.15114273070354647,0.15114273070354647,0.15114273070354647,False,-0.00027788007341925347,2.44140625e-05,True
trial,440,440,439,945.2422435571053,945.2422435571053,945.2418279843721,945.2418279843721,3836,1918,0,0,3836,1918,1691676,845838,191800.0,84583800.0,100.0,False,True,3836,1918,0,0,3836,1918,4.8828125e-05,3.5057383095637613,-0.8015437966217042,-0.8015437966217042,-0.8015437966217042,False,-0.0005184654101039935,4.8828125e-05,False
trial,441,441,441,945.2418016438075,945.2418016438075,945.2418016438075,945.2418016438075,3836,1918,0,0,3836,1918,1695512,847756,191800.0,84775600.0,100.0,False,True,3836,1918,0,0,3836,1918,2.44140625e-05,3.5057383095637613,0.1014690183510169,0.1014690183510169,0.1014690183510169,False,-0.00025959218856748737,2.44140625e-05,True
trial,442,442,441,945.2421834666868,945.2421834666868,945.2418016438075,945.2418016438075,3836,1918,0,0,3836,1918,1699348,849674,191800.0,84967400.0,100.0,False,True,3836,1918,0,0,3836,1918,4.8828125e-05,3.8340012915923514,-0.6896948099776226,-0.6896948099776226,-0.6896948099776226,False,-0.0005536113564126438,4.8828125e-05,False
trial,443,443,443,945.2417587532368,945.2417587532368,945.2417587532368,945.2417587532368,3836,1918,0,0,3836,1918,1703184,851592,191800.0,85159200.0,100.0,False,True,3836,1918,0,0,3836,1918,2.44140625e-05,3.8340012915923514,0.15484454507034914,0.15484454507034914,0.15484454507034914,False,-0.0002769911637506329,2.44140625e-05,True
trial,444,444,443,945.2421874125976,945.2421874125976,945.2417587532368,945.2417587532368,3836,1918,0,0,3836,1918,1707020,853510,191800.0,85351000.0,100.0,False,True,3836,1918,0,0,3836,1918,4.8828125e-05,3.485520366788945,-0.8368149630255498,-0.8368149630255498,-0.8368149630255498,False,-0.0005122510706554234,4.8828125e-05,False
trial,445,445,445,945.2417368641841,945.2417368641841,945.2417368641841,945.2417368641841,3836,1918,0,0,3836,1918,1710856,855428,191800.0,85542800.0,100.0,False,True,3836,1918,0,0,3836,1918,2.44140625e-05,3.485520366788945,0.08518702153331324,0.08518702153331324,0.08518702153331324,False,-0.00025695290594928484,2.44140625e-05,True
trial,446,446,445,945.2421182759807,945.2421182759807,945.2417368641841,945.2417368641841,3836,1918,0,0,3836,1918,1714692,857346,191800.0,85734600.0,100.0,False,True,3836,1918,0,0,3836,1918,4.8828125e-05,3.82487419605507,-0.6882115543446392,-0.6882115543446392,-0.6882115543446392,False,-0.0005542071972356477,4.8828125e-05,False
trial,447,447,447,945.2416932852581,945.2416932852581,945.2416932852581,945.2416932852581,3836,1918,0,0,3836,1918,1718528,859264,191800.0,85926400.0,100.0,False,True,3836,1918,0,0,3836,1918,2.44140625e-05,3.82487419605507,0.15693056974739752,0.15693056974739752,0.15693056974739752,False,-0.0002776955827094094,2.44140625e-05,True
trial,448,448,447,945.2421297552648,945.2421297552648,945.2416932852581,945.2416932852581,3836,1918,0,0,3836,1918,1722364,861182,191800.0,86118200.0,100.0,False,True,3836,1918,0,0,3836,1918,4.8828125e-05,3.4718414348291744,-0.8651951384878046,-0.8651951384878046,-0.8651951384878046,False,-0.0005044757966835622,4.8828125e-05,False
trial,449,449,449,945.2416753319341,945.2416753319341,945.2416753319341,945.2416753319341,3836,1918,0,0,3836,1918,1726200,863100,191800.0,86310000.0,100.0,False,True,3836,1918,0,0,3836,1918,2.44140625e-05,3.4718414348291744,0.07094205703350995,0.07094205703350995,0.07094205703350995,False,-0.0002530702485249051,2.44140625e-05,True
trial,450,450,449,945.2420560181608,945.2420560181608,945.2416753319341,945.2416753319341,3836,1918,0,0,3836,1918,1730036,865018,191800.0,86501800.0,100.0,False,True,3836,1918,0,0,3836,1918,4.8828125e-05,3.8200523331572036,-0.6858848809886957,-0.6858848809886957,-0.6858848809886957,False,-0.0005550293312017693,4.8828125e-05,False
trial,451,451,451,945.2416315027083,945.2416315027083,945.2416315027083,945.2416315027083,3836,1918,0,0,3836,1918,1733872,866936,191800.0,86693600.0,100.0,False,True,3836,1918,0,0,3836,1918,2.44140625e-05,3.8200523331572036,0.15767278688782432,0.15767278688782432,0.15767278688782432,False,-0.0002779758424974341,2.44140625e-05,True
trial,452,452,451,945.2420758876933,945.2420758876933,945.2416315027083,945.2416315027083,3836,1918,0,0,3836,1918,1737708,868854,191800.0,86885400.0,100.0,False,True,3836,1918,0,0,3836,1918,4.8828125e-05,3.461027576268289,-0.895166772984841,-0.895166772984841,-0.895166772984841,False,-0.000496427032862999,4.8828125e-05,False
trial,453,453,453,945.2416173348263,945.2416173348263,945.2416173348263,945.2416173348263,3836,1918,0,0,3836,1918,1741544,870772,191800.0,87077200.0,100.0,False,True,3836,1918,0,0,3836,1918,2.44140625e-05,3.461027576268289,0.056843946092022785,0.056843946092022785,0.056843946092022785,False,-0.0002492417042459019,2.44140625e-05,True
trial,454,454,453,945.2419972001903,945.2419972001903,945.2416173348263,945.2416173348263,3836,1918,0,0,3836,1918,1745380,872690,191800.0,87269000.0,100.0,False,True,3836,1918,0,0,3836,1918,4.8828125e-05,3.8229883889576475,-0.6832155693502796,-0.6832155693502796,-0.6832155693502796,False,-0.0005559963517810646,4.8828125e-05,False
trial,455,455,455,945.2415731591907,945.2415731591907,945.2415731591907,945.2415731591907,3836,1918,0,0,3836,1918,1749216,874608,191800.0,87460800.0,100.0,False,True,3836,1918,0,0,3836,1918,2.44140625e-05,3.8229883889576475,0.1587018310847233,0.1587018310847233,0.1587018310847233,False,-0.0002783561808459428,2.44140625e-05,True
trial,456,456,455,945.2420253011287,945.2420253011287,945.2415731591907,945.2415731591907,3836,1918,0,0,3836,1918,1753052,876526,191800.0,87652600.0,100.0,False,True,3836,1918,0,0,3836,1918,4.8828125e-05,3.4434882841444514,-0.9255344252260078,-0.9255344252260078,-0.9255344252260078,False,-0.0004885198493855744,4.8828125e-05,False
trial,457,457,457,945.2415629640628,945.2415629640628,945.2415629640628,945.2415629640628,3836,1918,0,0,3836,1918,1756888,878444,191800.0,87844400.0,100.0,False,True,3836,1918,0,0,3836,1918,2.44140625e-05,3.4434882841444514,0.04157010822028625,0.04157010822028625,0.04157010822028625,False,-0.0002452514148526941,2.44140625e-05,True
trial,458,458,458,945.2414821587288,945.2414821587288,945.2414821587288,945.2414821587288,3836,1918,0,0,3836,1918,1760724,880362,191800.0,88036200.0,100.0,False,True,3836,1918,0,0,3836,1918,1.220703125e-05,3.8290226337415545,0.5793209073970621,0.5793209073970621,0.5793209073970621,False,-0.00013948285487175462,1.220703125e-05,True
trial,459,459,458,945.2416040113753,945.2416040113753,945.2414821587288,945.2414821587288,3836,1918,0,0,3836,1918,1764560,882280,191800.0,88228000.0,100.0,False,True,3836,1918,0,0,3836,1918,2.44140625e-05,1.4252705731388868,-1.096975952062874,-1.096975952062874,-1.096975952062874,False,-0.00011108050847831689,2.44140625e-05,False
trial,460,460,458,945.2414852957297,945.2414852957297,945.2414821587288,945.2414821587288,3836,1918,0,0,3836,1918,1768396,884198,191800.0,88419800.0,100.0,False,True,3836,1918,0,0,3836,1918,1.220703125e-05,1.4252705731388868,-0.05637544133782627,-0.05637544133782627,-0.05637544133782627,False,-5.56448137092382e-05,1.220703125e-05,False
trial,461,461,461,945.2414690412021,945.2414690412021,945.2414690412021,945.2414690412021,3836,1918,0,0,3836,1918,1772232,886116,191800.0,88611600.0,100.0,False,True,3836,1918,0,0,3836,1918,6.103515625e-06,1.4252705731388868,0.4712594269425827,0.4712594269425827,0.4712594269425827,False,-2.7835043590817906e-05,6.103515625e-06,True
trial,462,462,461,945.2414976777977,945.2414976777977,945.2414690412021,945.2414690412021,3836,1918,0,0,3836,1918,1776068,888034,191800.0,88803400.0,100.0,False,True,3836,1918,0,0,3836,1918,1.220703125e-05,1.1320037310234616,-0.7005343805406956,-0.7005343805406956,-0.7005343805406956,False,-4.087821586686779e-05,1.220703125e-05,False
trial,463,463,463,945.2414658988508,945.2414658988508,945.2414658988508,945.2414658988508,3836,1918,0,0,3836,1918,1779904,889952,191800.0,88995200.0,100.0,False,True,3836,1918,0,0,3836,1918,6.103515625e-06,1.1320037310234616,0.15343890119827966,0.15343890119827966,0.15343890119827966,False,-2.0479495332905286e-05,6.103515625e-06,True
trial,464,464,463,945.2414810846201,945.2414810846201,945.2414658988508,945.2414658988508,3836,1918,0,0,3836,1918,1783740,891870,191800.0,89187000.0,100.0,False,True,3836,1918,0,0,3836,1918,1.220703125e-05,1.4018151027476196,-0.2752551256048772,-0.2752551256048772,-0.2752551256048772,False,-5.51697964708765e-05,1.220703125e-05,False
trial,465,465,465,945.2414559038268,945.2414559038268,945.2414559038268,945.2414559038268,3836,1918,0,0,3836,1918,1787576,893788,191800.0,89378800.0,100.0,False,True,3836,1918,0,0,3836,1918,6.103515625e-06,1.4018151027476196,0.3614580222039698,0.3614580222039698,0.3614580222039698,False,-2.7651963441309445e-05,6.103515625e-06,True
trial,466,466,465,945.2414844970642,945.2414844970642,945.2414559038268,945.2414559038268,3836,1918,0,0,3836,1918,1791412,895706,191800.0,89570600.0,100.0,False,True,3836,1918,0,0,3836,1918,1.220703125e-05,1.1241462026895097,-0.6986726243332865,-0.6986726243332865,-0.6986726243332865,False,-4.0925086237577414e-05,1.220703125e-05,False
trial,467,467,467,945.2414527486399,945.2414527486399,945.2414527486399,945.2414527486399,3836,1918,0,0,3836,1918,1795248,897624,191800.0,89762400.0,100.0,False,True,3836,1918,0,0,3836,1918,6.103515625e-06,1.1241462026895097,0.15396365325518974,0.15396365325518974,0.15396365325518974,False,-2.0493063739354027e-05,6.103515625e-06,True
trial,468,468,467,945.2414683854126,945.2414683854126,945.2414527486399,945.2414527486399,3836,1918,0,0,3836,1918,1799084,899542,191800.0,89954200.0,100.0,False,True,3836,1918,0,0,3836,1918,1.220703125e-05,1.3980105767654833,-0.285772034907311,-0.285772034907311,-0.285772034907311,False,-5.471764510439868e-05,1.220703125e-05,False
trial,469,469,469,945.24144297816,945.24144297816,945.24144297816,945.24144297816,3836,1918,0,0,3836,1918,1802920,901460,191800.0,90146000.0,100.0,False,True,3836,1918,0,0,3836,1918,6.103515625e-06,1.3980105767654833,0.3563785951192388,0.3563785951192388,0.3563785951192388,False,-2.7416012144455417e-05,6.103515625e-06,True
trial,470,470,469,945.2414715331681,945.2414715331681,945.24144297816,945.24144297816,3836,1918,0,0,3836,1918,1806756,903378,191800.0,90337800.0,100.0,False,True,3836,1918,0,0,3836,1918,1.220703125e-05,1.1236250856226815,-0.6971085159072166,-0.6971085159072166,-0.6971085159072166,False,-4.0962070474732094e-05,1.220703125e-05,False
trial,471,471,471,945.2414397918476,945.2414397918476,945.2414397918476,945.2414397918476,3836,1918,0,0,3836,1918,1810592,905296,191800.0,90529600.0,100.0,False,True,3836,1918,0,0,3836,1918,6.103515625e-06,1.1236250856226815,0.15524146830743746,0.15524146830743746,0.15524146830743746,False,-2.0524879107671077e-05,6.103515625e-06,True
trial,472,472,471,945.2414541631133,945.2414541631133,945.2414397918476,945.2414397918476,3836,1918,0,0,3836,1918,1814428,907214,191800.0,90721400.0,100.0,False,True,3836,1918,0,0,3836,1918,1.220703125e-05,1.3948135316427461,-0.2646369512324618,-0.2646369512324618,-0.2646369512324618,False,-5.430558975014359e-05,1.220703125e-05,False
trial,473,473,473,945.2414298512451,945.2414298512451,945.2414298512451,945.2414298512451,3836,1918,0,0,3836,1918,1818264,909132,191800.0,90913200.0,100.0,False,True,3836,1918,0,0,3836,1918,6.103515625e-06,1.3948135316427461,0.3655951279382527,0.3655951279382527,0.3655951279382527,False,-2.7190194036377547e-05,6.103515625e-06,True
trial,474,474,473,945.2414595710634,945.2414595710634,945.2414298512451,945.2414298512451,3836,1918,0,0,3836,1918,1822100,911050,191800.0,91105000.0,100.0,False,True,3836,1918,0,0,3836,1918,1.220703125e-05,1.112233672077314,-0.7467113431516025,-0.7467113431516025,-0.7467113431516025,False,-3.980094655119105e-05,1.220703125e-05,False
trial,475,475,475,945.2414272297558,945.2414272297558,945.2414272297558,945.2414272297558,3836,1918,0,0,3836,1918,1825936,912968,191800.0,91296800.0,100.0,False,True,3836,1918,0,0,3836,1918,6.103515625e-06,1.112233672077314,0.13133518226232865,0.13133518226232865,0.13133518226232865,False,-1.9960297648018302e-05,6.103515625e-06,True
trial,476,476,475,945.2414423806804,945.2414423806804,945.2414272297558,945.2414272297558,3836,1918,0,0,3836,1918,1829772,914886,191800.0,91488600.0,100.0,False,True,3836,1918,0,0,3836,1918,1.220703125e-05,1.3921333694127023,-0.27448468483432376,-0.27448468483432376,-0.27448468483432376,False,-5.5197704715767316e-05,1.220703125e-05,False
trial,477,477,477,945.2414172260354,945.2414172260354,945.2414172260354,945.2414172260354,3836,1918,0,0,3836,1918,1833608,916804,191800.0,91680400.0,100.0,False,True,3836,1918,0,0,3836,1918,6.103515625e-06,1.3921333694127023,0.3616565885002596,0.3616565885002596,0.3616565885002596,False,-2.766082713438438e-05,6.103515625e-06,True
trial,478,478,477,945.2414468224345,945.2414468224345,945.2414172260354,945.2414172260354,3836,1918,0,0,3836,1918,1837444,918722,191800.0,91872200.0,100.0,False,True,3836,1918,0,0,3836,1918,1.220703125e-05,1.1144910918147708,-0.7412722456756722,-0.7412722456756722,-0.7412722456756722,False,-3.9926490171137244e-05,1.220703125e-05,False
trial,479,479,479,945.2414145790676,945.2414145790676,945.2414145790676,945.2414145790676,3836,1918,0,0,3836,1918,1841280,920640,191800.0,92064000.0,100.0,False,True,3836,1918,0,0,3836,1918,6.103515625e-06,1.1144910918147708,0.13245310021382073,0.13245310021382073,0.13245310021382073,False,-1.998418909205152e-05,6.103515625e-06,True
trial,480,480,479,945.2414302030111,945.2414302030111,945.2414145790676,945.2414145790676,3836,1918,0,0,3836,1918,1845116,922558,191800.0,92255800.0,100.0,False,True,3836,1918,0,0,3836,1918,1.220703125e-05,1.3865287849326116,-0.2855398269801916,-0.2855398269801916,-0.2855398269801916,False,-5.471721272577757e-05,1.220703125e-05,False
trial,481,481,481,945.2414048102033,945.2414048102033,945.2414048102033,945.2414048102033,3836,1918,0,0,3836,1918,1848952,924476,191800.0,92447600.0,100.0,False,True,3836,1918,0,0,3836,1918,6.103515625e-06,1.3865287849326116,0.3562031192855611,0.3562031192855611,0.3562031192855611,False,-2.7424982430686245e-05,6.103515625e-06,True
trial,482,482,481,945.2414343905178,945.2414343905178,945.2414048102033,945.2414048102033,3836,1918,0,0,3836,1918,1852788,926394,191800.0,92639400.0,100.0,False,True,3836,1918,0,0,3836,1918,1.220703125e-05,1.10837983815758,-0.7404340162807712,-0.7404340162807712,-0.7404340162807712,False,-3.9949966983151226e-05,1.220703125e-05,False
trial,483,483,483,945.2414021397396,945.2414021397396,945.2414021397396,945.2414021397396,3836,1918,0,0,3836,1918,1856624,928312,191800.0,92831200.0,100.0,False,True,3836,1918,0,0,3836,1918,6.103515625e-06,1.10837983815758,0.13345561827172286,0.13345561827172286,0.13345561827172286,False,-2.001012562236111e-05,6.103515625e-06,True
trial,484,484,483,945.2414181859124,945.2414181859124,945.2414021397396,945.2414021397396,3836,1918,0,0,3836,1918,1860460,930230,191800.0,93023000.0,100.0,False,True,3836,1918,0,0,3836,1918,1.220703125e-05,1.381806337022973,-0.29549962990746037,-0.29549962990746037,-0.29549962990746037,False,-5.4301836983353285e-05,1.220703125e-05,False
trial,485,485,485,945.2413925971315,945.2413925971315,945.2413925971315,945.2413925971315,3836,1918,0,0,3836,1918,1864296,932148,191800.0,93214800.0,100.0,False,True,3836,1918,0,0,3836,1918,6.103515625e-06,1.381806337022973,0.3508433654022258,0.3508433654022258,0.3508433654022258,False,-2.7199055462809047e-05,6.103515625e-06,True
trial,486,486,485,945.2414220962116,945.2414220962116,945.2413925971315,945.2413925971315,3836,1918,0,0,3836,1918,1868132,934066,191800.0,93406600.0,100.0,False,True,3836,1918,0,0,3836,1918,1.220703125e-05,1.1101127700127595,-0.7369670516533612,-0.7369670516533612,-0.7369670516533612,False,-4.0027678409745544e-05,1.220703125e-05,False
trial,487,487,487,945.2413898948955,945.2413898948955,945.2413898948955,945.2413898948955,3836,1918,0,0,3836,1918,1871968,935984,191800.0,93598400.0,100.0,False,True,3836,1918,0,0,3836,1918,6.103515625e-06,1.1101127700127595,0.13483094012959945,0.13483094012959945,0.13483094012959945,False,-2.0041660852778984e-05,6.103515625e-06,True
trial,488,488,487,945.2414064216634,945.2414064216634,945.2413898948955,945.2413898948955,3836,1918,0,0,3836,1918,1875804,937902,191800.0,93790200.0,100.0,False,True,3836,1918,0,0,3836,1918,1.220703125e-05,1.3775779523561498,-0.3070969429805897,-0.3070969429805897,-0.3070969429805897,False,-5.381612647062911e-05,1.220703125e-05,False
trial,489,489,489,945.241380580447,945.241380580447,945.241380580447,945.241380580447,3836,1918,0,0,3836,1918,1879640,939820,191800.0,93982000.0,100.0,False,True,3836,1918,0,0,3836,1918,6.103515625e-06,1.3775779523561498,0.3453619359358488,0.3453619359358488,0.3453619359358488,False,-2.6970107567127732e-05,6.103515625e-06,True
trial,490,490,489,945.2414100424703,945.2414100424703,945.241380580447,945.241380580447,3836,1918,0,0,3836,1918,1883476,941738,191800.0,94173800.0,100.0,False,True,3836,1918,0,0,3836,1918,1.220703125e-05,1.1028458168448305,-0.7352528049856702,-0.7352528049856702,-0.7352528049856702,False,-4.007060313023046e-05,1.220703125e-05,False
trial,491,491,491,945.2413778564414,945.2413778564414,945.2413778564414,945.2413778564414,3836,1918,0,0,3836,1918,1887312,943656,191800.0,94365600.0,100.0,False,True,3836,1918,0,0,3836,1918,6.103515625e-06,1.1028458168448305,0.1357547400637369,0.1357547400637369,0.1357547400637369,False,-2.0065638406103964e-05,6.103515625e-06,True
trial,492,492,491,945.2413930952507,945.2413930952507,945.2413778564414,945.2413778564414,3836,1918,0,0,3836,1918,1891148,945574,191800.0,94557400.0,100.0,False,True,3836,1918,0,0,3836,1918,1.220703125e-05,1.3739353891050028,-0.2851086334274411,-0.2851086334274411,-0.2851086334274411,False,-5.3449133053944025e-05,1.220703125e-05,False
trial,493,493,493,945.2413684162518,945.2413684162518,945.2413684162518,945.2413684162518,3836,1918,0,0,3836,1918,1894984,947492,191800.0,94749200.0,100.0,False,True,3836,1918,0,0,3836,1918,6.103515625e-06,1.3739353891050028,0.3528625150248438,0.3528625150248438,0.3528625150248438,False,-2.6753166496707388e-05,6.103515625e-06,True
trial,494,494,493,945.2413986455115,945.2413986455115,945.2413684162518,945.2413684162518,3836,1918,0,0,3836,1918,1898820,949410,191800.0,94941000.0,100.0,False,True,3836,1918,0,0,3836,1918,1.220703125e-05,1.0910365586369923,-0.7692028321046551,-0.7692028321046551,-0.7692028321046551,False,-3.929946485197733e-05,1.220703125e-05,False
trial,495,495,495,945.2413660961937,945.2413660961937,945.2413660961937,945.2413660961937,3836,1918,0,0,3836,1918,1902656,951328,191800.0,95132800.0,100.0,False,True,3836,1918,0,0,3836,1918,6.103515625e-06,1.0910365586369923,0.1179996494120423,0.1179996494120423,0.1179996494120423,False,-1.966156786873224e-05,6.103515625e-06,True
trial,496,496,495,945.2413825182443,945.2413825182443,945.2413660961937,945.2413660961937,3836,1918,0,0,3836,1918,1906492,953246,191800.0,95324600.0,100.0,False,True,3836,1918,0,0,3836,1918,1.220703125e-05,1.3736498450785781,-0.3045352695069594,-0.3045352695069594,-0.3045352695069594,False,-5.392495477285205e-05,1.220703125e-05,False
trial,497,497,497,945.2413567310246,945.2413567310246,945.2413567310246,945.2413567310246,3836,1918,0,0,3836,1918,1910328,955164,191800.0,95516400.0,100.0,False,True,3836,1918,0,0,3836,1918,6.103515625e-06,1.3736498450785781,0.3465948173122697,0.3465948173122697,0.3465948173122697,False,-2.7020511216084536e-05,6.103515625e-06,True
trial,498,498,497,945.2413868988801,945.2413868988801,945.2413567310246,945.2413567310246,3836,1918,0,0,3836,1918,1914164,957082,191800.0,95708200.0,100.0,False,True,3836,1918,0,0,3836,1918,1.220703125e-05,1.090316761844335,-0.7663650575052471,-0.7663650575052471,-0.7663650575052471,False,-3.936486311432449e-05,1.220703125e-05,False
trial,499,499,499,945.2413543801737,945.2413543801737,945.2413543801737,945.2413543801737,3836,1918,0,0,3836,1918,1918000,959000,191800.0,95900000.0,100.0,False,True,3836,1918,0,0,3836,1918,6.103515625e-06,1.090316761844335,0.11938130116535593,0.11938130116535593,0.11938130116535593,False,-1.9691952211705456e-05,6.103515625e-06,True
trial,500,500,499,945.2413712619077,945.2413712619077,945.2413543801737,945.2413543801737,3836,1918,0,0,3836,1918,1921836,960918,191800.0,96091800.0,100.0,False,True,3836,1918,0,0,3836,1918,1.220703125e-05,1.3676078017156585,-0.3157874609295747,-0.3157874609295747,-0.3157874609295747,False,-5.3459165196786064e-05,1.220703125e-05,False
trial,501,501,501,945.2413452436722,945.2413452436722,945.2413452436722,945.2413452436722,3836,1918,0,0,3836,1918,1925672,962836,191800.0,96283600.0,100.0,False,True,3836,1918,0,0,3836,1918,6.103515625e-06,1.3676078017156585,0.3410276329429841,0.3410276329429841,0.3410276329429841,False,-2.67910884837895e-05,6.103515625e-06,True
trial,502,502,501,945.2413753676572,945.2413753676572,945.2413452436722,945.2413452436722,3836,1918,0,0,3836,1918,1929508,964754,191800.0,96475400.0,100.0,False,True,3836,1918,0,0,3836,1918,1.220703125e-05,1.0861946107764027,-0.7643806680283448,-0.7643806680283448,-0.7643806680283448,False,-3.940966357533523e-05,1.220703125e-05,False
trial,503,503,503,945.241342859903,945.241342859903,945.241342859903,945.241342859903,3836,1918,0,0,3836,1918,1933344,966672,191800.0,96667200.0,100.0,False,True,3836,1918,0,0,3836,1918,6.103515625e-06,1.0861946107764027,0.12084785428269654,0.12084785428269654,0.12084785428269654,False,-1.9725374049083904e-05,6.103515625e-06,True
trial,504,504,503,945.2413601773651,945.2413601773651,945.241342859903,945.241342859903,3836,1918,0,0,3836,1918,1937180,968590,191800.0,96859000.0,100.0,False,True,3836,1918,0,0,3836,1918,1.220703125e-05,1.3642348883267648,-0.3265844303199886,-0.3265844303199886,-0.3265844303199886,False,-5.3025987863607086e-05,1.220703125e-05,False
trial,505,505,505,945.2413339507758,945.2413339507758,945.2413339507758,945.2413339507758,3836,1918,0,0,3836,1918,1941016,970508,191800.0,97050800.0,100.0,False,True,3836,1918,0,0,3836,1918,6.103515625e-06,1.3642348883267648,0.3353754673173062,0.3353754673173062,0.3353754673173062,False,-2.656463609869898e-05,6.103515625e-06,True
trial,506,506,505,945.2413640413447,945.2413640413447,945.2413339507758,945.2413339507758,3836,1918,0,0,3836,1918,1944852,972426,191800.0,97242600.0,100.0,False,True,3836,1918,0,0,3836,1918,1.220703125e-05,1.0899682858348951,-0.7629018050432373,-0.7629018050432373,-0.7629018050432373,False,-3.9442256769707526e-05,1.220703125e-05,False
trial,507,507,507,945.2413315408917,945.2413315408917,945.2413315408917,945.2413315408917,3836,1918,0,0,3836,1918,1948688,974344,191800.0,97434400.0,100.0,False,True,3836,1918,0,0,3836,1918,6.103515625e-06,1.0899682858348951,0.12200874280915155,0.12200874280915155,0.12200874280915155,False,-1.9751733168974582e-05,6.103515625e-06,True
trial,508,508,507,945.2413484524477,945.2413484524477,945.2413315408917,945.2413315408917,3836,1918,0,0,3836,1918,1952524,976262,191800.0,97626200.0,100.0,False,True,3836,1918,0,0,3836,1918,1.220703125e-05,1.361336341364633,-0.32040988218170385,-0.32040988218170385,-0.32040988218170385,False,-5.278100636586442e-05,1.220703125e-05,False
trial,509,509,509,945.241322635808,945.241322635808,945.241322635808,945.241322635808,3836,1918,0,0,3836,1918,1956360,978180,191800.0,97818000.0,100.0,False,True,3836,1918,0,0,3836,1918,6.103515625e-06,1.361336341364633,0.3372864886510699,0.3372864886510699,0.3372864886510699,False,-2.6402135667769874e-05,6.103515625e-06,True
trial,510,510,509,945.2413533831186,945.2413533831186,945.241322635808,945.241322635808,3836,1918,0,0,3836,1918,1960196,980098,191800.0,98009800.0,100.0,False,True,3836,1918,0,0,3836,1918,1.220703125e-05,1.0798097312231383,-0.7847488158582695,-0.7847488158582695,-0.7847488158582695,False,-3.9181085659013516e-05,1.220703125e-05,False
trial,511,511,511,945.2413204391067,945.2413204391067,945.2413204391067,945.2413204391067,3836,1918,0,0,3836,1918,1964032,982016,191800.0,98201600.0,100.0,False,True,3836,1918,0,0,3836,1918,6.103515625e-06,1.0798097312231383,0.111832392363697,0.111832392363697,0.111832392363697,False,-1.9642799874055373e-05,6.103515625e-06,True
trial,512,512,511,945.2413374514027,945.2413374514027,945.2413204391067,945.2413204391067,3836,1918,0,0,3836,1918,1967868,983934,191800.0,98393400.0,100.0,False,True,3836,1918,0,0,3836,1918,1.220703125e-05,1.36115226267116,-0.3213356686432664,-0.3213356686432664,-0.3213356686432664,False,-5.294244506442555e-05,1.220703125e-05,False
trial,513,513,513,945.2413115001032,945.2413115001032,945.2413115001032,945.2413115001032,3836,1918,0,0,3836,1918,1971704,985852,191800.0,98585200.0,100.0,False,True,3836,1918,0,0,3836,1918,6.103515625e-06,1.36115226267116,0.33745415309733606,0.33745415309733606,0.33745415309733606,False,-2.6489534937375683e-05,6.103515625e-06,True
trial,514,514,513,945.2413426952494,945.2413426952494,945.2413115001032,945.2413115001032,3836,1918,0,0,3836,1918,1975540,987770,191800.0,98777000.0,100.0,False,True,3836,1918,0,0,3836,1918,1.220703125e-05,1.0731279680450958,-0.8054846029745323,-0.8054846029745323,-0.8054846029745323,False,-3.872842026483645e-05,1.220703125e-05,False
trial,515,515,515,945.2413095227182,945.2413095227182,945.2413095227182,945.2413095227182,3836,1918,0,0,3836,1918,1979376,989688,191800.0,98968800.0,100.0,False,True,3836,1918,0,0,3836,1918,6.103515625e-06,1.0731279680450958,0.10180326738428339,0.10180326738428339,0.10180326738428339,False,-1.9423590276129228e-05,6.103515625e-06,True
trial,516,516,515,945.2413265016307,945.2413265016307,945.2413095227182,945.2413095227182,3836,1918,0,0,3836,1918,1983212,991606,191800.0,99160600.0,100.0,False,True,3836,1918,0,0,3836,1918,1.220703125e-05,1.3592389130154112,-0.3205173388874974,-0.3205173388874974,-0.3205173388874974,False,-5.297346029872758e-05,1.220703125e-05,False
trial,517,517,517,945.2413005538474,945.2413005538474,945.2413005538474,945.2413005538474,3836,1918,0,0,3836,1918,1987048,993524,191800.0,99352400.0,100.0,False,True,3836,1918,0,0,3836,1918,6.103515625e-06,1.3592389130154112,0.3382010709377544,0.3382010709377544,0.3382010709377544,False,-2.6519344811469126e-05,6.103515625e-06,True
trial,518,518,517,945.2413321968831,945.2413321968831,945.2413005538474,945.2413005538474,3836,1918,0,0,3836,1918,1990884,995442,191800.0,99544200.0,100.0,False,True,3836,1918,0,0,3836,1918,1.220703125e-05,1.0684035483738925,-0.826557169408391,-0.826557169408391,-0.826557169408391,False,-3.82829366503016e-05,1.220703125e-05,False
trial,519,519,519,945.2412987992941,945.2412987992941,945.2412987992941,945.2412987992941,3836,1918,0,0,3836,1918,1994720,997360,191800.0,99736000.0,100.0,False,True,3836,1918,0,0,3836,1918,6.103515625e-06,1.0684035483738925,0.09138133822454085,0.09138133822454085,0.09138133822454085,False,-1.920034582148174e-05,6.103515625e-06,True
trial,520,520,519,945.2413157007538,945.2413157007538,945.2412987992941,945.2412987992941,3836,1918,0,0,3836,1918,1998556,999278,191800.0,99927800.0,100.0,False,True,3836,1918,0,0,3836,1918,1.220703125e-05,1.3570048535420152,-0.31857509615547386,-0.31857509615547386,-0.31857509615547386,False,-5.3053298686553946e-05,1.220703125e-05,False
trial,521,521,521,945.2412898111402,945.2412898111402,945.2412898111402,945.2412898111402,3836,1918,0,0,3836,1918,2002392,1001196,191800.0,100119600.0,100.0,False,True,3836,1918,0,0,3836,1918,6.103515625e-06,1.3570048535420152,0.3386829353878639,0.3386829353878639,0.3386829353878639,False,-2.6538549726989e-05,6.103515625e-06,True
trial,522,522,521,945.2413218898562,945.2413218898562,945.2412898111402,945.2412898111402,3836,1918,0,0,3836,1918,2006228,1003114,191800.0,100311400.0,100.0,False,True,3836,1918,0,0,3836,1918,1.220703125e-05,1.067983884844255,-0.8476715929865483,-0.8476715929865483,-0.8476715929865483,False,-3.7843330210588104e-05,1.220703125e-05,False
trial,523,523,523,945.2412882773541,945.2412882773541,945.2412882773541,945.2412882773541,3836,1918,0,0,3836,1918,2010064,1005032,191800.0,100503200.0,100.0,False,True,3836,1918,0,0,3836,1918,6.103515625e-06,1.067983884844255,0.08081062560063881,0.08081062560063881,0.08081062560063881,False,-1.8980004974895985e-05,6.103515625e-06,True
trial,524,524,523,945.24130513718,945.24130513718,945.2412882773541,945.2412882773541,3836,1918,0,0,3836,1918,2013900,1006950,191800.0,100695000.0,100.0,False,True,3836,1918,0,0,3836,1918,1.220703125e-05,1.3553904346321746,-0.317543533314158,-0.317543533314158,-0.317543533314158,False,-5.309453393427383e-05,1.220703125e-05,False
trial,525,525,525,945.2412792587068,945.2412792587068,945.2412792587068,945.2412792587068,3836,1918,0,0,3836,1918,2017736,1008868,191800.0,100886800.0,100.0,False,True,3836,1918,0,0,3836,1918,6.103515625e-06,1.3553904346321746,0.3394335482379083,0.3394335482379083,0.3394335482379083,False,-2.6569699412347075e-05,6.103515625e-06,True
trial,526,526,525,945.2413117725697,945.2413117725697,945.2412792587068,945.2412792587068,3836,1918,0,0,3836,1918,2021572,1010786,191800.0,101078600.0,100.0,False,True,3836,1918,0,0,3836,1918,1.220703125e-05,1.0604532100135209,-0.8690793807201785,-0.8690793807201785,-0.8690793807201785,False,-3.7411844843030764e-05,1.220703125e-05,False
trial,527,527,527,945.2412779434242,945.2412779434242,945.2412779434242,945.2412779434242,3836,1918,0,0,3836,1918,2025408,1012704,191800.0,101270400.0,100.0,False,True,3836,1918,0,0,3836,1918,6.103515625e-06,1.0604532100135209,0.07010409655827037,0.07010409655827037,0.07010409655827037,False,-1.8761850636326838e-05,6.103515625e-06,True
trial,528,528,527,945.2412947511298,945.2412947511298,945.2412779434242,945.2412779434242,3836,1918,0,0,3836,1918,2029244,1014622,191800.0,101462200.0,100.0,False,True,3836,1918,0,0,3836,1918,1.220703125e-05,1.3548066087695068,-0.31621445258099706,-0.31621445258099706,-0.31621445258099706,False,-5.3152869733760464e-05,1.220703125e-05,False
trial,529,529,529,945.2412689006993,945.2412689006993,945.2412689006993,945.2412689006993,3836,1918,0,0,3836,1918,2033080,1016540,191800.0,101654000.0,100.0,False,True,3836,1918,0,0,3836,1918,6.103515625e-06,1.3548066087695068,0.34001712791588107,0.34001712791588107,0.34001712791588107,False,-2.6594909822813856e-05,6.103515625e-06,True
trial,530,530,529,945.241300575053,945.241300575053,945.2412689006993,945.2412689006993,3836,1918,0,0,3836,1918,2036916,1018458,191800.0,101845800.0,100.0,False,True,3836,1918,0,0,3836,1918,1.220703125e-05,1.0572228690145125,-0.8537713223123122,-0.8537713223123122,-0.8537713223123122,False,-3.7099341250008426e-05,1.220703125e-05,False
trial,531,531,531,945.2412674676519,945.2412674676519,945.2412674676519,945.2412674676519,3836,1918,0,0,3836,1918,2040752,1020376,191800.0,102037600.0,100.0,False,True,3836,1918,0,0,3836,1918,6.103515625e-06,1.0572228690145125,0.0771482095372586,0.0771482095372586,0.0771482095372586,False,-1.8575251218494003e-05,6.103515625e-06,True
trial,532,532,531,945.241285346008,945.241285346008,945.2412674676519,945.2412674676519,3836,1918,0,0,3836,1918,2044588,1022294,191800.0,102229400.0,100.0,False,True,3836,1918,0,0,3836,1918,1.220703125e-05,1.349431962619693,-0.34081124723865497,-0.34081124723865497,-0.34081124723865497,False,-5.2458233718015656e-05,1.220703125e-05,False
trial,533,533,533,945.2412588373636,945.2412588373636,945.2412588373636,945.2412588373636,3836,1918,0,0,3836,1918,2048424,1024212,191800.0,102421200.0,100.0,False,True,3836,1918,0,0,3836,1918,6.103515625e-06,1.349431962619693,0.3283638085688706,0.3283638085688706,0.3283638085688706,False,-2.628270262870125e-05,6.103515625e-06,True
trial,534,534,533,945.2412907034666,945.2412907034666,945.2412588373636,945.2412588373636,3836,1918,0,0,3836,1918,2052260,1026130,191800.0,102613000.0,100.0,False,True,3836,1918,0,0,3836,1918,1.220703125e-05,1.058773254684417,-0.8457081898335741,-0.8457081898335741,-0.8457081898335741,False,-3.767978524438231e-05,1.220703125e-05,False
trial,535,535,535,945.2412573277591,945.2412573277591,945.2412573277591,945.2412573277591,3836,1918,0,0,3836,1918,2056096,1028048,191800.0,102804800.0,100.0,False,True,3836,1918,0,0,3836,1918,6.103515625e-06,1.058773254684417,0.08007100968340213,0.08007100968340213,0.08007100968340213,False,-1.8853322200501807e-05,6.103515625e-06,True
trial,536,536,535,945.2412756542838,945.2412756542838,945.2412573277591,945.2412573277591,3836,1918,0,0,3836,1918,2059932,1029966,191800.0,102996600.0,100.0,False,True,3836,1918,0,0,3836,1918,1.220703125e-05,1.3502525073895344,-0.3524974622304029,-0.3524974622304029,-0.3524974622304029,False,-5.1990515279349844e-05,1.220703125e-05,False
trial,537,537,537,945.241248913343,945.241248913343,945.241248913343,945.241248913343,3836,1918,0,0,3836,1918,2063768,1031884,191800.0,103188400.0,100.0,False,True,3836,1918,0,0,3836,1918,6.103515625e-06,1.3502525073895344,0.32277797819741794,0.32277797819741794,0.32277797819741794,False,-2.606874255332724e-05,6.103515625e-06,True
trial,538,538,537,945.2412803885364,945.2412803885364,945.241248913343,945.241248913343,3836,1918,0,0,3836,1918,2067604,1033802,191800.0,103380200.0,100.0,False,True,3836,1918,0,0,3836,1918,1.220703125e-05,1.057362544643764,-0.8345888065979461,-0.8345888065979461,-0.8345888065979461,False,-3.771341425478606e-05,1.220703125e-05,False
trial,539,539,539,945.2412473772044,945.2412473772044,945.2412473772044,945.2412473772044,3836,1918,0,0,3836,1918,2071440,1035720,191800.0,103572000.0,100.0,False,True,3836,1918,0,0,3836,1918,6.103515625e-06,1.057362544643764,0.08136055500891717,0.08136055500891717,0.08136055500891717,False,-1.8880630761296956e-05,6.103515625e-06,True
trial,540,540,539,945.241266120502,945.241266120502,945.2412473772044,945.2412473772044,3836,1918,0,0,3836,1918,2075276,1037638,191800.0,103763800.0,100.0,False,True,3836,1918,0,0,3836,1918,1.220703125e-05,1.3434968076661244,-0.3632845920906799,-0.3632845920906799,-0.3632845920906799,False,-5.159397888497868e-05,1.220703125e-05,False
trial,541,541,541,945.2412391825819,945.2412391825819,945.2412391825819,945.2412391825819,3836,1918,0,0,3836,1918,2079112,1039556,191800.0,103955600.0,100.0,False,True,3836,1918,0,0,3836,1918,6.103515625e-06,1.3434968076661244,0.31703084709116774,0.31703084709116774,0.31703084709116774,False,-2.5848028981558846e-05,6.103515625e-06,True
trial,542,542,541,945.2412706389593,945.2412706389593,945.2412391825819,945.2412391825819,3836,1918,0,0,3836,1918,2082948,1041474,191800.0,104147400.0,100.0,False,True,3836,1918,0,0,3836,1918,1.220703125e-05,1.0566171935381756,-0.8329088057277075,-0.8329088057277075,-0.8329088057277075,False,-3.776689262001718e-05,1.220703125e-05,False
trial,543,543,543,945.2412376217306,945.2412376217306,945.2412376217306,945.2412376217306,3836,1918,0,0,3836,1918,2086784,1043392,191800.0,104339200.0,100.0,False,True,3836,1918,0,0,3836,1918,6.103515625e-06,1.0566171935381756,0.08255807340554239,0.08255807340554239,0.08255807340554239,False,-1.890610099802191e-05,6.103515625e-06,True
trial,544,544,543,945.2412553996497,945.2412553996497,945.2412376217306,945.2412376217306,3836,1918,0,0,3836,1918,2090620,1045310,191800.0,104531000.0,100.0,False,True,3836,1918,0,0,3836,1918,1.220703125e-05,1.3420273450392355,-0.34730908405659033,-0.34730908405659033,-0.34730908405659033,False,-5.118760176348103e-05,1.220703125e-05,False
trial,545,545,545,945.2412295815211,945.2412295815211,945.2412295815211,945.2412295815211,3836,1918,0,0,3836,1918,2094456,1047228,191800.0,104722800.0,100.0,False,True,3836,1918,0,0,3836,1918,6.103515625e-06,1.3420273450392355,0.3138029742337033,0.3138029742337033,0.3138029742337033,False,-2.562183980572242e-05,6.103515625e-06,True
trial,546,546,545,945.2412614315302,945.2412614315302,945.2412295815211,945.2412295815211,3836,1918,0,0,3836,1918,2098292,1049146,191800.0,104914600.0,100.0,False,True,3836,1918,0,0,3836,1918,1.220703125e-05,1.0570924800082537,-0.8451382231728533,-0.8451382231728533,-0.8451382231728533,False,-3.768615387310653e-05,1.220703125e-05,False
trial,547,547,547,945.2412280603901,945.2412280603901,945.2412280603901,945.2412280603901,3836,1918,0,0,3836,1918,2102128,1051064,191800.0,105106400.0,100.0,False,True,3836,1918,0,0,3836,1918,6.103515625e-06,1.0570924800082537,0.08062807648273936,0.08062807648273936,0.08062807648273936,False,-1.8866021514344812e-05,6.103515625e-06,True
trial,548,548,547,945.2412461180925,945.2412461180925,945.2412280603901,945.2412280603901,3836,1918,0,0,3836,1918,2105964,1052982,191800.0,105298200.0,100.0,False,True,3836,1918,0,0,3836,1918,1.220703125e-05,1.3391706391635192,-0.35395322121765405,-0.35395322121765405,-0.35395322121765405,False,-5.1017200321103736e-05,1.220703125e-05,False
trial,549,549,549,945.2412198627236,945.2412198627236,945.2412198627236,945.2412198627236,3836,1918,0,0,3836,1918,2109800,1054900,191800.0,105490000.0,100.0,False,True,3836,1918,0,0,3836,1918,6.103515625e-06,1.3391706391635192,0.321164820820429,0.321164820820429,0.321164820820429,False,-2.552479585964418e-05,6.103515625e-06,True
trial,550,550,549,945.2412528669461,945.2412528669461,945.2412198627236,945.2412198627236,3836,1918,0,0,3836,1918,2113636,1056818,191800.0,105681800.0,100.0,False,True,3836,1918,0,0,3836,1918,1.220703125e-05,1.0486692288997586,-0.8941114220387184,-0.8941114220387184,-0.8941114220387184,False,-3.6912874234348456e-05,1.220703125e-05,False
trial,551,551,551,945.2412187980162,945.2412187980162,945.2412187980162,945.2412187980162,3836,1918,0,0,3836,1918,2117472,1058736,191800.0,105873600.0,100.0,False,True,3836,1918,0,0,3836,1918,6.103515625e-06,1.0486692288997586,0.0575250800662811,0.0575250800662811,0.0575250800662811,False,-1.850857679899205e-05,6.103515625e-06,True
trial,552,552,551,945.2412370974066,945.2412370974066,945.2412187980162,945.2412187980162,3836,1918,0,0,3836,1918,2121308,1060654,191800.0,106065400.0,100.0,False,True,3836,1918,0,0,3836,1918,1.220703125e-05,1.3407339306461603,-0.35427073826606653,-0.35427073826606653,-0.35427073826606653,False,-5.165368854878001e-05,1.220703125e-05,False
trial,553,553,553,945.2412105067426,945.2412105067426,945.2412105067426,945.2412105067426,3836,1918,0,0,3836,1918,2125144,1062572,191800.0,106257200.0,100.0,False,True,3836,1918,0,0,3836,1918,6.103515625e-06,1.3407339306461603,0.32078718017144314,0.32078718017144314,0.32078718017144314,False,-2.584664889567012e-05,6.103515625e-06,True
trial,554,554,553,945.2412439465994,945.2412439465994,945.2412105067426,945.2412105067426,3836,1918,0,0,3836,1918,2128980,1064490,191800.0,106449000.0,100.0,False,True,3836,1918,0,0,3836,1918,1.220703125e-05,1.0439733546547507,-0.9166049720683271,-0.9166049720683271,-0.9166049720683271,False,-3.6482299149524624e-05,1.220703125e-05,False
trial,555,555,555,945.2412096550408,945.2412096550408,945.2412096550408,945.2412096550408,3836,1918,0,0,3836,1918,2132816,1066408,191800.0,106640800.0,100.0,False,True,3836,1918,0,0,3836,1918,6.103515625e-06,1.0439733546547507,0.04655020820054253,0.04655020820054253,0.04655020820054253,False,-1.8296411624503602e-05,6.103515625e-06,True
trial,556,556,556,945.2412011327526,945.2412011327526,945.2412011327526,945.2412011327526,3836,1918,0,0,3836,1918,2136652,1068326,191800.0,106832600.0,100.0,False,True,3836,1918,0,0,3836,1918,3.0517578125e-06,1.3406573578698053,0.6585046385231046,0.6585046385231046,0.6585046385231046,False,-1.2941880326530836e-05,3.0517578125e-06,True
trial,557,557,557,945.2412005093402,945.2412005093402,945.2412005093402,945.2412005093402,3836,1918,0,0,3836,1918,2140488,1070244,191800.0,107024400.0,100.0,False,True,3836,1918,0,0,3836,1918,6.103515625e-06,0.7235783219718381,0.04216823345536457,0.04216823345536457,0.04216823345536457,False,-1.4783935918707969e-05,6.103515625e-06,True
trial,558,558,558,945.2411927280607,945.2411927280607,945.2411927280607,945.2411927280607,3836,1918,0,0,3836,1918,2144324,1072162,191800.0,107216200.0,100.0,False,True,3836,1918,0,0,3836,1918,3.0517578125e-06,1.1959610570216472,0.67822716353314,0.67822716353314,0.67822716353314,False,-1.1472969357035843e-05,3.0517578125e-06,True
trial,559,559,558,945.2411999026567,945.2411999026567,945.2411927280607,945.2411927280607,3836,1918,0,0,3836,1918,2148160,1074080,191800.0,107408000.0,100.0,False,True,3836,1918,0,0,3836,1918,6.103515625e-06,0.5585759910551269,-0.6809182561166505,-0.6809182561166505,-0.6809182561166505,False,-1.053664805846747e-05,6.103515625e-06,False
trial,560,560,560,945.2411919236956,945.2411919236956,945.2411919236956,945.2411919236956,3836,1918,0,0,3836,1918,2151996,1075998,191800.0,107599800.0,100.0,False,True,3836,1918,0,0,3836,1918,3.0517578125e-06,0.5585759910551269,0.15230292088925396,0.15230292088925396,0.15230292088925396,False,-5.281350269779179e-06,3.0517578125e-06,True
trial,561,561,560,945.2411933222695,945.2411933222695,945.2411919236956,945.2411919236956,3836,1918,0,0,3836,1918,2155832,1077916,191800.0,107791600.0,100.0,False,True,3836,1918,0,0,3836,1918,6.103515625e-06,0.7512054675270059,-0.08803144579271308,-0.08803144579271308,-0.08803144579271308,False,-1.5887207956674967e-05,6.103515625e-06,False
trial,562,562,562,945.2411882602144,945.2411882602144,945.2411882602144,945.2411882602144,3836,1918,0,0,3836,1918,2159668,1079834,191800.0,107983400.0,100.0,False,True,3836,1918,0,0,3836,1918,3.0517578125e-06,0.7512054675270059,0.4608829275106781,0.4608829275106781,0.4608829275106781,False,-7.948832658415673e-06,3.0517578125e-06,True
trial,563,563,562,945.241195112944,945.241195112944,945.2411882602144,945.2411882602144,3836,1918,0,0,3836,1918,2163504,1081752,191800.0,108175200.0,100.0,False,True,3836,1918,0,0,3836,1918,6.103515625e-06,0.5554750438478212,-0.6560688633506343,-0.6560688633506343,-0.6560688633506343,False,-1.0445137668928426e-05,6.103515625e-06,False
trial,564,564,564,945.2411874487427,945.2411874487427,945.2411874487427,945.2411874487427,3836,1918,0,0,3836,1918,2167340,1083670,191800.0,108367000.0,100.0,False,True,3836,1918,0,0,3836,1918,3.0517578125e-06,0.5554750438478212,0.1551267640371405,0.1551267640371405,0.1551267640371405,False,-5.231022780558444e-06,3.0517578125e-06,True
trial,565,565,564,945.2411889595437,945.2411889595437,945.2411874487427,945.2411874487427,3836,1918,0,0,3836,1918,2171176,1085588,191800.0,108558800.0,100.0,False,True,3836,1918,0,0,3836,1918,6.103515625e-06,0.7499981268112431,-0.095773164999663,-0.095773164999663,-0.095773164999663,False,-1.577478393625374e-05,6.103515625e-06,False
trial,566,566,566,945.2411838424067,945.2411838424067,945.2411838424067,945.2411838424067,3836,1918,0,0,3836,1918,2175012,1087506,191800.0,108750600.0,100.0,False,True,3836,1918,0,0,3836,1918,3.0517578125e-06,0.7499981268112431,0.45699022198146827,0.45699022198146827,0.45699022198146827,False,-7.891494905189427e-06,3.0517578125e-06,True
trial,567,567,566,945.241191040619,945.241191040619,945.2411838424067,945.2411838424067,3836,1918,0,0,3836,1918,2178848,1089424,191800.0,108942400.0,100.0,False,True,3836,1918,0,0,3836,1918,6.103515625e-06,0.5540820241265135,-0.6879870351730399,-0.6879870351730399,-0.6879870351730399,False,-1.0462715042243263e-05,6.103515625e-06,False
trial,568,568,568,945.2411830719296,945.2411830719296,945.2411830719296,945.2411830719296,3836,1918,0,0,3836,1918,2182684,1091342,191800.0,109134200.0,100.0,False,True,3836,1918,0,0,3836,1918,3.0517578125e-06,0.5540820241265135,0.14681142042864892,0.14681142042864892,0.14681142042864892,False,-5.248073141144624e-06,3.0517578125e-06,True
trial,569,569,568,945.2411845706204,945.2411845706204,945.2411830719296,945.2411830719296,3836,1918,0,0,3836,1918,2186520,1093260,191800.0,109326000.0,100.0,False,True,3836,1918,0,0,3836,1918,6.103515625e-06,0.749478070404686,-0.09493811713708125,-0.09493811713708125,-0.09493811713708125,False,-1.5785974769041206e-05,6.103515625e-06,False
trial,570,570,570,945.2411794587524,945.2411794587524,945.2411794587524,945.2411794587524,3836,1918,0,0,3836,1918,2190356,1095178,191800.0,109517800.0,100.0,False,True,3836,1918,0,0,3836,1918,3.0517578125e-06,0.749478070404686,0.45745351318729516,0.45745351318729516,0.45745351318729516,False,-7.898457708762935e-06,3.0517578125e-06,True
trial,571,571,570,945.2411865155589,945.2411865155589,945.2411794587524,945.2411794587524,3836,1918,0,0,3836,1918,2194192,1097096,191800.0,109709600.0,100.0,False,True,3836,1918,0,0,3836,1918,6.103515625e-06,0.5522926300173103,-0.6807215846224913,-0.6807215846224913,-0.6807215846224913,False,-1.0366655931556438e-05,6.103515625e-06,False
trial,572,572,572,945.2411787302933,945.2411787302933,945.2411787302933,945.2411787302933,3836,1918,0,0,3836,1918,2198028,1099014,191800.0,109901400.0,100.0,False,True,3836,1918,0,0,3836,1918,3.0517578125e-06,0.5522926300173103,0.14022377624939467,0.14022377624939467,0.14022377624939467,False,-5.194975622168393e-06,3.0517578125e-06,True
trial,573,573,572,945.2411802407242,945.2411802407242,945.2411787302933,945.2411787302933,3836,1918,0,0,3836,1918,2201864,1100932,191800.0,110093200.0,100.0,False,True,3836,1918,0,0,3836,1918,6.103515625e-06,0.7489800957027145,-0.09571697067730556,-0.09571697067730556,-0.09571697067730556,False,-1.5780179036340954e-05,6.103515625e-06,False
trial,574,574,574,945.2411751226875,945.2411751226875,945.2411751226875,945.2411751226875,3836,1918,0,0,3836,1918,2205700,1102850,191800.0,110285000.0,100.0,False,True,3836,1918,0,0,3836,1918,3.0517578125e-06,0.7489800957027145,0.45702359350960475,0.45702359350960475,0.45702359350960475,False,-7.89369701698527e-06,3.0517578125e-06,True
trial,575,575,574,945.2411822753144,945.2411822753144,945.2411751226875,945.2411751226875,3836,1918,0,0,3836,1918,2209536,1104768,191800.0,110476800.0,100.0,False,True,3836,1918,0,0,3836,1918,6.103515625e-06,0.5511138948171075,-0.6926168754016936,-0.6926168754016936,-0.6926168754016936,False,-1.0326960098332067e-05,6.103515625e-06,False
trial,576,576,576,945.2411743827256,945.2411743827256,945.2411743827256,945.2411743827256,3836,1918,0,0,3836,1918,2213372,1106686,191800.0,110668600.0,100.0,False,True,3836,1918,0,0,3836,1918,3.0517578125e-06,0.5511138948171075,0.14321200517116256,0.14321200517116256,0.14321200517116256,False,-5.1668987709535524e-06,3.0517578125e-06,True
trial,577,577,576,945.2411760773705,945.2411760773705,945.2411743827256,945.2411743827256,3836,1918,0,0,3836,1918,2217208,1108604,191800.0,110860400.0,100.0,False,True,3836,1918,0,0,3836,1918,6.103515625e-06,0.7481864089575333,-0.10804637363507527,-0.10804637363507527,-0.10804637363507527,False,-1.5684421628613128e-05,6.103515625e-06,False
trial,578,578,578,945.2411708370748,945.2411708370748,945.2411708370748,945.2411708370748,3836,1918,0,0,3836,1918,2221044,1110522,191800.0,111052200.0,100.0,False,True,3836,1918,0,0,3836,1918,3.0517578125e-06,0.7481864089575333,0.4512466842955669,0.4512466842955669,0.4512466842955669,False,-7.857455564145052e-06,3.0517578125e-06,True
trial,579,579,578,945.241178068132,945.241178068132,945.2411708370748,945.2411708370748,3836,1918,0,0,3836,1918,2224880,1112440,191800.0,111244000.0,100.0,False,True,3836,1918,0,0,3836,1918,6.103515625e-06,0.5519207782152031,-0.6960753292809534,-0.6960753292809534,-0.6960753292809534,False,-1.0388325526178038e-05,6.103515625e-06,False
trial,580,580,580,945.241170087296,945.241170087296,945.241170087296,945.241170087296,3836,1918,0,0,3836,1918,2228716,1114358,191800.0,111435800.0,100.0,False,True,3836,1918,0,0,3836,1918,3.0517578125e-06,0.5519207782152031,0.1442141928806077,0.1442141928806077,0.1442141928806077,False,-5.199063815880199e-06,3.0517578125e-06,True
trial,581,581,580,945.2411718788377,945.2411718788377,945.241170087296,945.241170087296,3836,1918,0,0,3836,1918,2232552,1116276,191800.0,111627600.0,100.0,False,True,3836,1918,0,0,3836,1918,6.103515625e-06,0.746616510161439,-0.11494892950864995,-0.11494892950864995,-0.11494892950864995,False,-1.5585544440580453e-05,6.103515625e-06,False
trial,582,582,582,945.2411665940432,945.2411665940432,945.2411665940432,945.2411665940432,3836,1918,0,0,3836,1918,2236388,1118194,191800.0,111819400.0,100.0,False,True,3836,1918,0,0,3836,1918,3.0517578125e-06,0.746616510161439,0.44750808837540806,0.44750808837540806,0.44750808837540806,False,-7.806010524986062e-06,3.0517578125e-06,True
trial,583,583,582,945.2411738175811,945.2411738175811,945.2411665940432,945.2411665940432,3836,1918,0,0,3836,1918,2240224,1120112,191800.0,112011200.0,100.0,False,True,3836,1918,0,0,3836,1918,6.103515625e-06,0.5519177499143908,-0.6943576962278213,-0.6943576962278213,-0.6943576962278213,False,-1.0403194064252346e-05,6.103515625e-06,False
trial,584,584,584,945.2411658414296,945.2411658414296,945.2411658414296,945.2411658414296,3836,1918,0,0,3836,1918,2244060,1122030,191800.0,112203000.0,100.0,False,True,3836,1918,0,0,3836,1918,3.0517578125e-06,0.5519177499143908,0.14456416359821714,0.14456416359821714,0.14456416359821714,False,-5.206086726529543e-06,3.0517578125e-06,True
trial,585,585,584,945.2411677317473,945.2411677317473,945.2411658414296,945.2411658414296,3836,1918,0,0,3836,1918,2247896,1123948,191800.0,112394800.0,100.0,False,True,3836,1918,0,0,3836,1918,6.103515625e-06,0.7449170260790368,-0.12205987503158541,-0.12205987503158541,-0.12205987503158541,False,-1.5486806470280412e-05,6.103515625e-06,False
trial,586,586,586,945.2411623974359,945.2411623974359,945.2411623974359,945.2411623974359,3836,1918,0,0,3836,1918,2251732,1125866,191800.0,112586600.0,100.0,False,True,3836,1918,0,0,3836,1918,3.0517578125e-06,0.7449170260790368,0.44401212159744724,0.44401212159744724,0.44401212159744724,False,-7.756530819342174e-06,3.0517578125e-06,True
trial,587,587,586,945.2411696093543,945.2411696093543,945.2411623974359,945.2411623974359,3836,1918,0,0,3836,1918,2255568,1127784,191800.0,112778400.0,100.0,False,True,3836,1918,0,0,3836,1918,6.103515625e-06,0.5506735450854893,-0.6924708357917028,-0.6924708357917028,-0.6924708357917028,False,-1.0414761191615575e-05,6.103515625e-06,False
trial,588,588,588,945.2411616406335,945.2411616406335,945.2411616406335,945.2411616406335,3836,1918,0,0,3836,1918,2259404,1129702,191800.0,112970200.0,100.0,False,True,3836,1918,0,0,3836,1918,3.0517578125e-06,0.5506735450854893,0.14524797011016535,0.14524797011016535,0.14524797011016535,False,-5.210416119429203e-06,3.0517578125e-06,True
trial,589,589,588,945.2411636156934,945.2411636156934,945.2411616406335,945.2411616406335,3836,1918,0,0,3836,1918,2263240,1131620,191800.0,113162000.0,100.0,False,True,3836,1918,0,0,3836,1918,6.103515625e-06,0.7436655726310881,-0.12831313779379971,-0.12831313779379971,-0.12831313779379971,False,-1.5392498891363765e-05,6.103515625e-06,False
trial,590,590,590,945.2411582433463,945.2411582433463,945.2411582433463,945.2411582433463,3836,1918,0,0,3836,1918,2267076,1133538,191800.0,113353800.0,100.0,False,True,3836,1918,0,0,3836,1918,3.0517578125e-06,0.7436655726310881,0.44073081086659094,0.44073081086659094,0.44073081086659094,False,-7.708304487184899e-06,3.0517578125e-06,True
trial,591,591,590,945.2411654365088,945.2411654365088,945.2411582433463,945.2411582433463,3836,1918,0,0,3836,1918,2270912,1135456,191800.0,113545600.0,100.0,False,True,3836,1918,0,0,3836,1918,6.103515625e-06,0.5500784576372536,-0.6901043432457544,-0.6901043432457544,-0.6901043432457544,False,-1.0423297042276142e-05,6.103515625e-06,False
trial,592,592,592,945.2411574817147,945.2411574817147,945.2411574817147,945.2411574817147,3836,1918,0,0,3836,1918,2274748,1137374,191800.0,113737400.0,100.0,False,True,3836,1918,0,0,3836,1918,3.0517578125e-06,0.5500784576372536,0.14603094338692613,0.14603094338692613,0.14603094338692613,False,-5.215549092571999e-06,3.0517578125e-06,True
trial,593,593,592,945.241159508133,945.241159508133,945.2411574817147,945.2411574817147,3836,1918,0,0,3836,1918,2278584,1139292,191800.0,113929200.0,100.0,False,True,3836,1918,0,0,3836,1918,6.103515625e-06,0.7428404004605048,-0.13247539137960082,-0.13247539137960082,-0.13247539137960082,False,-1.529656409257151e-05,6.103515625e-06,False
trial,594,594,594,945.2411541301187,945.2411541301187,945.2411541301187,945.2411541301187,3836,1918,0,0,3836,1918,2282420,1141210,191800.0,114121000.0,100.0,False,True,3836,1918,0,0,3836,1918,3.0517578125e-06,0.7428404004605048,0.4375177849784319,0.4375177849784319,0.4375177849784319,False,-7.660479399012998e-06,3.0517578125e-06,True
trial,595,595,594,945.2411612917497,945.2411612917497,945.2411541301187,945.2411541301187,3836,1918,0,0,3836,1918,2286256,1143128,191800.0,114312800.0,100.0,False,True,3836,1918,0,0,3836,1918,6.103515625e-06,0.5500133105208742,-0.6864958318580797,-0.6864958318580797,-0.6864958318580797,False,-1.0432155032253199e-05,6.103515625e-06,False
trial,596,596,596,945.2411533535785,945.2411533535785,945.2411533535785,945.2411533535785,3836,1918,0,0,3836,1918,2290092,1145046,191800.0,114504600.0,100.0,False,True,3836,1918,0,0,3836,1918,3.0517578125e-06,0.5500133105208742,0.14875546929334066,0.14875546929334066,0.14875546929334066,False,-5.220246505780182e-06,3.0517578125e-06,True
trial,597,597,596,945.241155096729,945.241155096729,945.2411533535785,945.2411533535785,3836,1918,0,0,3836,1918,2293928,1146964,191800.0,114696400.0,100.0,False,True,3836,1918,0,0,3836,1918,6.103515625e-06,0.7421313686154765,-0.11459320370110974,-0.11459320370110974,-0.11459320370110974,False,-1.5211639516284974e-05,6.103515625e-06,False
trial,598,598,598,945.2411500090302,945.2411500090302,945.2411500090302,945.2411500090302,3836,1918,0,0,3836,1918,2297764,1148882,191800.0,114888200.0,100.0,False,True,3836,1918,0,0,3836,1918,3.0517578125e-06,0.7421313686154765,0.4392004977476511,0.4392004977476511,0.4392004977476511,False,-7.615083136828993e-06,3.0517578125e-06,True
trial,599,599,598,945.2411571607172,945.2411571607172,945.2411500090302,945.2411500090302,3836,1918,0,0,3836,1918,2301600,1150800,191800.0,115080000.0,100.0,False,True,3836,1918,0,0,3836,1918,6.103515625e-06,0.549730703361792,-0.686660584707965,-0.686660584707965,-0.686660584707965,False,-1.0415170385320534e-05,6.103515625e-06,False
