phase,nf,x_index,incumbent_index,active_objective,full_objective,incumbent_active_objective,incumbent_full_objective,active_residuals,active_circuits,new_residuals_revealed,new_circuits_revealed,union_residuals_revealed,union_circuits_revealed,cumulative_eval_residuals,cumulative_eval_circuits,cumulative_shots_revealed,cumulative_eval_shots,shots_per_circuit,fpr_enabled,fpr_use_union_mask,fpr_selected_residuals,fpr_selected_circuits,fpr_new_residuals,fpr_new_circuits,fpr_union_residuals,fpr_union_circuits,delta,ng,rho,rho_active,rho_full,rho_uses_full_objective,mdec,step_norm,accepted
initial,0,0,0,670084.6284674136,670084.6284674136,670084.6284674136,670084.6284674136,3836,1918,3836,1918,3836,1918,3836,1918,3385270.0,3385270.0,1765.0,False,True,3836,1918,3836,1918,3836,1918,0.1,,,,,False,,,True
trial,1,1,1,360436.9727012855,360436.9727012855,360436.9727012855,360436.9727012855,3836,1918,0,0,3836,1918,7672,3836,3385270.0,3385270.0,1765.0,False,True,3836,1918,0,0,3836,1918,0.1,2154932.856497666,21.194158328847138,21.194158328847138,21.194158328847138,False,-14610.047304623089,0.1,True
trial,2,2,1,372505.55439229275,372505.55439229275,360436.9727012855,360436.9727012855,3836,1918,0,0,3836,1918,11508,5754,3385270.0,3385270.0,1765.0,False,True,3836,1918,0,0,3836,1918,0.2,683924.6629238391,-0.05190849214596034,-0.05190849214596034,-0.05190849214596034,False,-232497.250297155,0.2,False
trial,3,3,3,182779.7784361055,182779.7784361055,182779.7784361055,182779.7784361055,3836,1918,0,0,3836,1918,15344,7672,3385270.0,3385270.0,1765.0,False,True,3836,1918,0,0,3836,1918,0.1,683924.6629238391,0.8339680539025816,0.8339680539025816,0.8339680539025816,False,-213026.37844918302,0.1,True
trial,4,4,3,267262.19267496216,267262.19267496216,182779.7784361055,182779.7784361055,3836,1918,0,0,3836,1918,19180,9590,3385270.0,3385270.0,1765.0,False,True,3836,1918,0,0,3836,1918,0.2,2942002.8925515795,-1.1469594702760728,-1.1469594702760728,-1.1469594702760728,False,-73657.71540168003,0.2,False
trial,5,5,3,191625.25515954144,191625.25515954144,182779.7784361055,182779.7784361055,3836,1918,0,0,3836,1918,23016,11508,3385270.0,3385270.0,1765.0,False,True,3836,1918,0,0,3836,1918,0.1,2942002.8925515795,-0.12298626535885152,-0.12298626535885152,-0.12298626535885152,False,-71922.47603930777,0.1,False
trial,6,6,6,137551.7223059169,137551.7223059169,137551.7223059169,137551.7223059169,3836,1918,0,0,3836,1918,26852,13426,3395270.0,3395270.0,1770.213764337852,False,True,3836,1918,0,0,3836,1918,0.05,3005609.748956448,0.6746540436164898,0.6746540436164898,0.6746540436164898,False,-69158.26997593479,0.05,True
trial,7,7,6,224690.43471350466,224690.43471350466,137551.7223059169,137551.7223059169,3836,1918,0,0,3836,1918,30688,15344,3395270.0,3395270.0,1770.213764337852,False,True,3836,1918,0,0,3836,1918,0.1,3284650.223806432,-0.9235033264076525,-0.9235033264076525,-0.9235033264076525,False,-94356.68493642547,0.1,False
trial,8,8,8,106111.82857089648,106111.82857089648,106111.82857089648,106111.82857089648,3836,1918,0,0,3836,1918,34524,17262,3395270.0,3395270.0,1770.213764337852,False,True,3836,1918,0,0,3836,1918,0.05,3284650.223806432,0.36912288615722505,0.36912288615722505,0.36912288615722505,False,-85174.59879642582,0.05,True
trial,9,9,8,181440.23848205502,181440.23848205502,106111.82857089648,106111.82857089648,3836,1918,0,0,3836,1918,38360,19180,3395270.0,3395270.0,1770.213764337852,False,True,3836,1918,0,0,3836,1918,0.1,2231148.9593816977,-0.8932043537543425,-0.8932043537543425,-0.8932043537543425,False,-84335.02321673196,0.1,False
trial,10,10,10,96340.58311024215,96340.58311024215,96340.58311024215,96340.58311024215,3836,1918,0,0,3836,1918,42196,21098,3395270.0,3395270.0,1770.213764337852,False,True,3836,1918,0,0,3836,1918,0.05,2231148.9593816977,0.1163170491946343,0.1163170491946343,0.1163170491946343,False,-84005.27290117225,0.05,True
trial,11,11,10,192551.2584505194,192551.2584505194,97065.59407235688,97065.59407235688,3836,1918,0,0,3836,1918,46032,23016,3405270.0,3405270.0,1775.4275286757038,False,True,3836,1918,0,0,3836,1918,0.1,1503224.632582844,-1.1186574098948043,-1.1186574098948043,-1.1186574098948043,False,-85357.37888433758,0.1,False
trial,12,12,12,35728.33015843725,35728.33015843725,35728.33015843725,35728.33015843725,3836,1918,0,0,3836,1918,49868,24934,3405270.0,3405270.0,1775.4275286757038,False,True,3836,1918,0,0,3836,1918,0.05,1503224.632582844,0.7616521477774221,0.7616521477774221,0.7616521477774221,False,-80531.85971169117,0.05,True
trial,13,13,13,20983.110171388133,20983.110171388133,20983.110171388133,20983.110171388133,3836,1918,0,0,3836,1918,53704,26852,3405270.0,3405270.0,1775.4275286757038,False,True,3836,1918,0,0,3836,1918,0.1,1847868.0651529902,0.4452355733501079,0.4452355733501079,0.4452355733501079,False,-33117.793971629304,0.061655509729423595,True
trial,14,14,14,4771.032782399079,4771.032782399079,4771.032782399079,4771.032782399079,3836,1918,0,0,3836,1918,57540,28770,3405270.0,3405270.0,1775.4275286757038,False,True,3836,1918,0,0,3836,1918,0.05,980426.84778763,0.8187714949210756,0.8187714949210756,0.8187714949210756,False,-19800.490722447288,0.04827213590267651,True
trial,15,15,15,1477.0850238283099,1477.0850238283099,1477.0850238283099,1477.0850238283099,3836,1918,0,0,3836,1918,61376,30688,3405270.0,3405270.0,1775.4275286757038,False,True,3836,1918,0,0,3836,1918,0.1,476315.8269019866,0.8580996190813694,0.8580996190813694,0.8580996190813694,False,-3838.6542603259445,0.02191484695857829,True
trial,16,16,16,1162.1806500687246,1162.1806500687246,1162.1806500687246,1162.1806500687246,3836,1918,0,0,3836,1918,65212,32606,3415270.0,3415270.0,1780.6412930135557,False,True,3836,1918,0,0,3836,1918,0.05,99895.90743430542,0.6487111962890098,0.6487111962890098,0.6487111962890098,False,-690.0742423063465,0.017502949445292976,True
trial,17,17,16,1383.847653520849,1383.847653520849,1162.1806500687246,1162.1806500687246,3836,1918,0,0,3836,1918,69048,34524,3415270.0,3415270.0,1780.6412930135557,False,True,3836,1918,0,0,3836,1918,0.025,49871.4449322495,-0.9002983662870533,-0.9002983662870533,-0.9002983662870533,False,-246.21504575900514,0.019069016540967747,False
trial,18,18,18,1078.9648986370375,1078.9648986370375,1078.9648986370375,1078.9648986370375,3836,1918,0,0,3836,1918,72884,36442,3415270.0,3415270.0,1780.6412930135557,False,True,3836,1918,0,0,3836,1918,0.0125,49871.4449322495,0.33802670526932105,0.33802670526932105,0.33802670526932105,False,-246.18099734275535,0.011593933112531641,True
trial,19,19,18,1108.3185507034332,1108.3185507034332,1078.9648986370375,1078.9648986370375,3836,1918,0,0,3836,1918,76720,38360,3415270.0,3415270.0,1780.6412930135557,False,True,3836,1918,0,0,3836,1918,0.025,37466.09427399801,-0.1806024199750027,-0.1806024199750027,-0.1806024199750027,False,-162.5318867291949,0.012143184124656902,False
trial,20,20,18,1092.5678675826464,1092.5678675826464,1078.9648986370375,1078.9648986370375,3836,1918,0,0,3836,1918,80556,40278,3415270.0,3415270.0,1780.6412930135557,False,True,3836,1918,0,0,3836,1918,0.0125,37466.09427399801,-0.08369575866373906,-0.08369575866373906,-0.08369575866373906,False,-162.52877281704218,0.011515459970335408,False
trial,21,21,21,1011.0435521079623,1011.0435521079623,1011.0435521079623,1011.0435521079623,3836,1918,0,0,3836,1918,84392,42196,3425270.0,3425270.0,1785.8550573514078,False,True,3836,1918,0,0,3836,1918,0.00625,46350.17705078164,0.5492336462366664,0.5492336462366664,0.5492336462366664,False,-207.82333547966283,0.00625,True
trial,22,22,21,1074.6474668039812,1074.6474668039812,1011.0435521079623,1011.0435521079623,3836,1918,0,0,3836,1918,88228,44114,3425270.0,3425270.0,1785.8550573514078,False,True,3836,1918,0,0,3836,1918,0.0125,30795.755816250257,-0.6646519852638341,-0.6646519852638341,-0.6646519852638341,False,-95.6950646446519,0.012273396468205423,False
trial,23,23,23,940.6240342647017,940.6240342647017,940.6240342647017,940.6240342647017,3836,1918,0,0,3836,1918,92064,46032,3425270.0,3425270.0,1785.8550573514078,False,True,3836,1918,0,0,3836,1918,0.00625,30795.755816250257,0.7364196747650488,0.7364196747650488,0.7364196747650488,False,-95.62416683900751,0.005810813864689955,True
trial,24,24,23,1102.2629021329153,1102.2629021329153,940.6240342647017,940.6240342647017,3836,1918,0,0,3836,1918,95900,47950,3425270.0,3425270.0,1785.8550573514078,False,True,3836,1918,0,0,3836,1918,0.0125,14920.133978544896,-6.540547765419092,-6.540547765419092,-6.540547765419092,False,-24.713353325362725,0.011276637188331174,False
trial,25,25,23,999.7194664454983,999.7194664454983,940.6240342647017,940.6240342647017,3836,1918,0,0,3836,1918,99736,49868,3425270.0,3425270.0,1785.8550573514078,False,True,3836,1918,0,0,3836,1918,0.00625,14920.133978544896,-2.399714434340718,-2.399714434340718,-2.399714434340718,False,-24.626026886833344,0.00625,False
trial,26,26,26,929.581146442665,929.581146442665,929.581146442665,929.581146442665,3836,1918,0,0,3836,1918,103572,51786,3435270.0,3435270.0,1791.0688216892597,False,True,3836,1918,0,0,3836,1918,0.003125,16784.873653857205,0.5518940062689488,0.5518940062689488,0.5518940062689488,False,-27.77944375663761,0.003125,True
trial,27,27,26,960.2652272265657,960.2652272265657,929.581146442665,929.581146442665,3836,1918,0,0,3836,1918,107408,53704,3435270.0,3435270.0,1791.0688216892597,False,True,3836,1918,0,0,3836,1918,0.00625,9838.084195123498,-2.37095751084149,-2.37095751084149,-2.37095751084149,False,-12.941640937719873,0.005709427892723074,False
trial,28,28,28,922.6614967455795,922.6614967455795,922.6614967455795,922.6614967455795,3836,1918,0,0,3836,1918,111244,55622,3435270.0,3435270.0,1791.0688216892597,False,True,3836,1918,0,0,3836,1918,0.003125,9838.084195123498,0.5408586108309045,0.5408586108309045,0.5408586108309045,False,-12.793823669470873,0.003125,True
trial,29,29,28,1001.5891839326633,1001.5891839326633,922.6614967455795,922.6614967455795,3836,1918,0,0,3836,1918,115080,57540,3435270.0,3435270.0,1791.0688216892597,False,True,3836,1918,0,0,3836,1918,0.00625,6542.142477746025,-13.388896351102767,-13.388896351102767,-13.388896351102767,False,-5.895010695230531,0.00625,False
trial,30,30,28,930.4602655750855,930.4602655750855,922.6614967455795,922.6614967455795,3836,1918,0,0,3836,1918,118916,59458,3435270.0,3435270.0,1791.0688216892597,False,True,3836,1918,0,0,3836,1918,0.003125,6542.142477746025,-1.3632939421873052,-1.3632939421873052,-1.3632939421873052,False,-5.720533619472738,0.003125,False
trial,31,31,31,918.5240013247115,918.5240013247115,918.5240013247115,918.5240013247115,3836,1918,0,0,3836,1918,122752,61376,3445270.0,3445270.0,1796.2825860271116,False,True,3836,1918,0,0,3836,1918,0.0015625,5798.874759610468,0.6990733535526324,0.6990733535526324,0.6990733535526324,False,-5.861381440588155,0.0015625,True
trial,32,32,31,948.499300708784,948.499300708784,918.5240013247115,918.5240013247115,3836,1918,0,0,3836,1918,126588,63294,3445270.0,3445270.0,1796.2825860271116,False,True,3836,1918,0,0,3836,1918,0.003125,2756.8710411818224,-14.92181826640357,-14.92181826640357,-14.92181826640357,False,-2.008823512585038,0.003125,False
trial,33,33,31,921.1641710139135,921.1641710139135,918.5240013247115,918.5240013247115,3836,1918,0,0,3836,1918,130424,65212,3445270.0,3445270.0,1796.2825860271116,False,True,3836,1918,0,0,3836,1918,0.0015625,2756.8710411818224,-1.625961634400231,-1.625961634400231,-1.625961634400231,False,-1.6237589087861792,0.0015625,False
trial,34,34,34,918.2837427153106,918.2837427153106,918.2837427153106,918.2837427153106,3836,1918,0,0,3836,1918,134260,67130,3445270.0,3445270.0,1796.2825860271116,False,True,3836,1918,0,0,3836,1918,0.00078125,2756.8710411818224,0.21286688382844846,0.21286688382844846,0.21286688382844846,False,-1.1286800702854567,0.00078125,True
trial,35,35,34,920.7228093934186,920.7228093934186,918.2837427153106,918.2837427153106,3836,1918,0,0,3836,1918,138096,69048,3445270.0,3445270.0,1796.2825860271116,False,True,3836,1918,0,0,3836,1918,0.0015625,1456.1718074183134,-1.8314521498928897,-1.8314521498928897,-1.8314521498928897,False,-1.331766531956986,0.0015625,False
trial,36,36,36,918.1835337283349,918.1835337283349,918.1835337283349,918.1835337283349,3836,1918,0,0,3836,1918,141932,70966,3455270.0,3455270.0,1801.4963503649635,False,True,3836,1918,0,0,3836,1918,0.00078125,5276.7485587996625,0.3333034534540119,0.3333034534540119,0.3333034534540119,False,-1.1265308162031795,0.00078125,True
trial,37,37,36,920.6875265237276,920.6875265237276,918.1835337283349,918.1835337283349,3836,1918,0,0,3836,1918,145768,72884,3455270.0,3455270.0,1801.4963503649635,False,True,3836,1918,0,0,3836,1918,0.0015625,2056.29805108259,-2.25352848600279,-2.25352848600279,-2.25352848600279,False,-1.1111431743355467,0.0015625,False
trial,38,38,38,918.1823062189537,918.1823062189537,918.1823062189537,918.1823062189537,3836,1918,0,0,3836,1918,149604,74802,3455270.0,3455270.0,1801.4963503649635,False,True,3836,1918,0,0,3836,1918,0.00078125,2056.29805108259,0.0015695887523352974,0.0015695887523352974,0.0015695887523352974,False,-0.7820579621876742,0.00078125,True
trial,39,39,39,917.8046135194229,917.8046135194229,917.8046135194229,917.8046135194229,3836,1918,0,0,3836,1918,153440,76720,3455270.0,3455270.0,1801.4963503649635,False,True,3836,1918,0,0,3836,1918,0.000390625,1794.1743279920054,0.5898731345786093,0.5898731345786093,0.5898731345786093,False,-0.6402947979664138,0.000390625,True
trial,40,40,39,918.6862280692321,918.6862280692321,917.8046135194229,917.8046135194229,3836,1918,0,0,3836,1918,157276,78638,3455270.0,3455270.0,1801.4963503649635,False,True,3836,1918,0,0,3836,1918,0.00078125,682.8345099621706,-3.0525900905606953,-3.0525900905606953,-3.0525900905606953,False,-0.2888086915224489,0.00078125,False
trial,41,41,41,915.9770378930107,915.9770378930107,915.9770378930107,915.9770378930107,3836,1918,0,0,3836,1918,161112,80556,3465270.0,3465270.0,1806.7101147028154,False,True,3836,1918,0,0,3836,1918,0.000390625,15532.776008102905,0.5294044128165766,0.5294044128165766,0.5294044128165766,False,-0.5968844761357558,0.000390625,True
trial,42,42,41,916.6406811229432,916.6406811229432,915.9770378930107,915.9770378930107,3836,1918,0,0,3836,1918,164948,82474,3465270.0,3465270.0,1806.7101147028154,False,True,3836,1918,0,0,3836,1918,0.00078125,600.645823578793,-1.053416450258597,-1.053416450258597,-1.053416450258597,False,-0.6299913294211459,0.00078125,False
trial,43,43,43,915.8497017070509,915.8497017070509,915.8497017070509,915.8497017070509,3836,1918,0,0,3836,1918,168784,84392,3465270.0,3465270.0,1806.7101147028154,False,True,3836,1918,0,0,3836,1918,0.000390625,600.645823578793,0.31768149782373317,0.31768149782373317,0.31768149782373317,False,-0.40082972043397813,0.000390625,True
trial,44,44,43,916.2447973034361,916.2447973034361,915.8497017070509,915.8497017070509,3836,1918,0,0,3836,1918,172620,86310,3465270.0,3465270.0,1806.7101147028154,False,True,3836,1918,0,0,3836,1918,0.00078125,636.298265494676,-1.1861657165363042,-1.1861657165363042,-1.1861657165363042,False,-0.33308633935139653,0.00078125,False
trial,45,45,43,915.8906708752884,915.8906708752884,915.8497017070509,915.8497017070509,3836,1918,0,0,3836,1918,176456,88228,3465270.0,3465270.0,1806.7101147028154,False,True,3836,1918,0,0,3836,1918,0.000390625,636.298265494676,-0.19250732579782404,-0.19250732579782404,-0.19250732579782404,False,-0.2128187489366795,0.000390625,False
trial,46,46,46,915.9281315228201,915.9281315228201,915.9281315228201,915.9281315228201,3836,1918,0,0,3836,1918,180292,90146,3475270.0,3475270.0,1811.9238790406673,False,True,3836,1918,0,0,3836,1918,0.0001953125,11125.054534802985,0.8210386837128751,0.8210386837128751,0.8210386837128751,False,-0.5588341665790202,0.0001953125,True
trial,47,47,46,916.112260909521,916.112260909521,915.9281315228201,915.9281315228201,3836,1918,0,0,3836,1918,184128,92064,3475270.0,3475270.0,1811.9238790406673,False,True,3836,1918,0,0,3836,1918,0.000390625,387.73433247581767,-2.8193389385207173,-2.8193389385207173,-2.8193389385207173,False,-0.06530941852542409,0.000390625,False
trial,48,48,46,915.9498191352118,915.9498191352118,915.9281315228201,915.9281315228201,3836,1918,0,0,3836,1918,187964,93982,3475270.0,3475270.0,1811.9238790406673,False,True,3836,1918,0,0,3836,1918,0.0001953125,387.73433247581767,-0.48403968771979483,-0.48403968771979483,-0.48403968771979483,False,-0.04480544249143579,0.0001953125,False
trial,49,49,49,915.9139911232689,915.9139911232689,915.9139911232689,915.9139911232689,3836,1918,0,0,3836,1918,191800,95900,3475270.0,3475270.0,1811.9238790406673,False,True,3836,1918,0,0,3836,1918,9.765625e-05,387.73433247581767,0.4714588986100529,0.4714588986100529,0.4714588986100529,False,-0.02999285747458941,9.765625e-05,True
trial,50,50,49,915.9381943072142,915.9381943072142,915.9139911232689,915.9139911232689,3836,1918,0,0,3836,1918,195636,97818,3475270.0,3475270.0,1811.9238790406673,False,True,3836,1918,0,0,3836,1918,0.0001953125,139.76654230797743,-0.46078632505588096,-0.46078632505588096,-0.46078632505588096,False,-0.052525829498762514,0.0001953125,False
trial,51,51,51,917.0904731645047,917.0904731645047,917.0904731645047,917.0904731645047,3836,1918,0,0,3836,1918,199472,99736,3485270.0,3485270.0,1817.1376433785192,False,True,3836,1918,0,0,3836,1918,9.765625e-05,6465.278282641362,0.8605677626102026,0.8605677626102026,0.8605677626102026,False,-0.19508552882923516,9.765625e-05,True
trial,52,52,51,917.1186264428493,917.1186264428493,917.0904731645047,917.0904731645047,3836,1918,0,0,3836,1918,203308,101654,3485270.0,3485270.0,1817.1376433785192,False,True,3836,1918,0,0,3836,1918,0.0001953125,382.27314022004,-0.41136629089349275,-0.41136629089349275,-0.41136629089349275,False,-0.06843846704946632,0.0001953125,False
trial,53,53,53,917.0783277927588,917.0783277927588,917.0783277927588,917.0783277927588,3836,1918,0,0,3836,1918,207144,103572,3485270.0,3485270.0,1817.1376433785192,False,True,3836,1918,0,0,3836,1918,9.765625e-05,382.27314022004,0.3284541040051562,0.3284541040051562,0.3284541040051562,False,-0.03697737856757859,9.765625e-05,True
trial,54,54,53,917.1106640317587,917.1106640317587,917.0783277927588,917.0783277927588,3836,1918,0,0,3836,1918,210980,105490,3485270.0,3485270.0,1817.1376433785192,False,True,3836,1918,0,0,3836,1918,0.0001953125,132.84185709060273,-0.6218951550711252,-0.6218951550711252,-0.6218951550711252,False,-0.0519962870528365,0.0001953125,False
trial,55,55,55,917.0728443188855,917.0728443188855,917.0728443188855,917.0728443188855,3836,1918,0,0,3836,1918,214816,107408,3485270.0,3485270.0,1817.1376433785192,False,True,3836,1918,0,0,3836,1918,9.765625e-05,132.84185709060273,0.19683365713992626,0.19683365713992626,0.19683365713992626,False,-0.02785841584740139,9.765625e-05,True
trial,56,56,56,918.8248208725613,918.8248208725613,918.8248208725613,918.8248208725613,3836,1918,0,0,3836,1918,218652,109326,3495270.0,3495270.0,1822.351407716371,False,True,3836,1918,0,0,3836,1918,0.0001953125,7967.377729929835,0.5679163064312323,0.5679163064312323,0.5679163064312323,False,-0.2523568847913247,0.0001953125,True
trial,57,57,56,918.9256367117691,918.9256367117691,918.8248208725613,918.8248208725613,3836,1918,0,0,3836,1918,222488,111244,3495270.0,3495270.0,1822.351407716371,False,True,3836,1918,0,0,3836,1918,0.000390625,394.9772816180286,-0.36438327400133647,-0.36438327400133647,-0.36438327400133647,False,-0.2766752658560722,0.000390625,False
trial,58,58,58,918.7671237629507,918.7671237629507,918.7671237629507,918.7671237629507,3836,1918,0,0,3836,1918,226324,113162,3495270.0,3495270.0,1822.351407716371,False,True,3836,1918,0,0,3836,1918,0.0001953125,394.9772816180286,0.36408058757229633,0.36408058757229633,0.36408058757229633,False,-0.15847345774539826,0.0001953125,True
trial,59,59,58,919.0706610531931,919.0706610531931,918.7671237629507,918.7671237629507,3836,1918,0,0,3836,1918,230160,115080,3495270.0,3495270.0,1822.351407716371,False,True,3836,1918,0,0,3836,1918,0.000390625,222.34770258416944,-2.510792536541378,-2.510792536541378,-2.510792536541378,False,-0.12089301916617612,0.000390625,False
trial,60,60,58,918.8011090391743,918.8011090391743,918.7671237629507,918.7671237629507,3836,1918,0,0,3836,1918,233996,116998,3495270.0,3495270.0,1822.351407716371,False,True,3836,1918,0,0,3836,1918,0.0001953125,222.34770258416944,-0.48155746536539223,-0.48155746536539223,-0.48155746536539223,False,-0.07057366704467552,0.0001953125,False
trial,61,61,61,918.3702523088232,918.3702523088232,918.3702523088232,918.3702523088232,3836,1918,0,0,3836,1918,237832,118916,3505270.0,3505270.0,1827.5651720542232,False,True,3836,1918,0,0,3836,1918,9.765625e-05,4404.547010120126,0.9071951092994557,0.9071951092994557,0.9071951092994557,False,-0.1638913646949825,9.765625e-05,True
trial,62,62,61,918.3786961467806,918.3786961467806,918.3702523088232,918.3702523088232,3836,1918,0,0,3836,1918,241668,120834,3505270.0,3505270.0,1827.5651720542232,False,True,3836,1918,0,0,3836,1918,0.0001953125,318.26375085767586,-0.29135644884245804,-0.29135644884245804,-0.29135644884245804,False,-0.02898112600897043,0.0001953125,False
trial,63,63,63,918.3626093744596,918.3626093744596,918.3626093744596,918.3626093744596,3836,1918,0,0,3836,1918,245504,122752,3505270.0,3505270.0,1827.5651720542232,False,True,3836,1918,0,0,3836,1918,9.765625e-05,318.26375085767586,0.456925012717955,0.456925012717955,0.456925012717955,False,-0.01672688986351058,9.765625e-05,True
trial,64,64,63,918.3897003495961,918.3897003495961,918.3626093744596,918.3626093744596,3836,1918,0,0,3836,1918,249340,124670,3505270.0,3505270.0,1827.5651720542232,False,True,3836,1918,0,0,3836,1918,0.0001953125,51.23641827735169,-1.5255756529387607,-1.5255756529387607,-1.5255756529387607,False,-0.017757870666273653,0.0001953125,False
trial,65,65,63,918.3661433410563,918.3661433410563,918.3626093744596,918.3626093744596,3836,1918,0,0,3836,1918,253176,126588,3505270.0,3505270.0,1827.5651720542232,False,True,3836,1918,0,0,3836,1918,9.765625e-05,51.23641827735169,-0.3748242272490995,-0.3748242272490995,-0.3748242272490995,False,-0.00942833024066292,9.765625e-05,False
trial,66,66,66,918.1651433819468,918.1651433819468,918.1651433819468,918.1651433819468,3836,1918,0,0,3836,1918,257012,128506,3515270.0,3515270.0,1832.7789363920751,False,True,3836,1918,0,0,3836,1918,4.8828125e-05,8675.130013306505,0.9633387297827263,0.9633387297827263,0.9633387297827263,False,-0.28199216551697043,4.8828125e-05,True
trial,67,67,67,918.1386076639183,918.1386076639183,918.1386076639183,918.1386076639183,3836,1918,0,0,3836,1918,260848,130424,3515270.0,3515270.0,1832.7789363920751,False,True,3836,1918,0,0,3836,1918,9.765625e-05,716.9120759128904,0.6276878615819315,0.6276878615819315,0.6276878615819315,False,-0.04227534042421929,9.765625e-05,True
trial,68,68,67,918.1545956443259,918.1545956443259,918.1386076639183,918.1386076639183,3836,1918,0,0,3836,1918,264684,132342,3515270.0,3515270.0,1832.7789363920751,False,True,3836,1918,0,0,3836,1918,0.0001953125,139.00233710612068,-0.3824397651701678,-0.3824397651701678,-0.3824397651701678,False,-0.04180522493664914,0.0001953125,False
trial,69,69,69,918.1291096361435,918.1291096361435,918.1291096361435,918.1291096361435,3836,1918,0,0,3836,1918,268520,134260,3515270.0,3515270.0,1832.7789363920751,False,True,3836,1918,0,0,3836,1918,9.765625e-05,139.00233710612068,0.41466012184243684,0.41466012184243684,0.41466012184243684,False,-0.022905573201790767,9.765625e-05,True
trial,70,70,69,918.1357593963943,918.1357593963943,918.1291096361435,918.1291096361435,3836,1918,0,0,3836,1918,272356,136178,3515270.0,3515270.0,1832.7789363920751,False,True,3836,1918,0,0,3836,1918,0.0001953125,63.172509458885266,-0.41394038758200435,-0.41394038758200435,-0.41394038758200435,False,-0.01606453598209263,0.0001953125,False
trial,71,71,71,918.2250496604636,918.2250496604636,918.2250496604636,918.2250496604636,3836,1918,0,0,3836,1918,276192,138096,3525270.0,3525270.0,1837.992700729927,False,True,3836,1918,0,0,3836,1918,9.765625e-05,5884.477139595304,0.8448923980296521,0.8448923980296521,0.8448923980296521,False,-0.11389490779230184,9.765625e-05,True
trial,72,72,71,918.2357623770802,918.2357623770802,918.2250496604636,918.2250496604636,3836,1918,0,0,3836,1918,280028,140014,3525270.0,3525270.0,1837.992700729927,False,True,3836,1918,0,0,3836,1918,0.0001953125,454.97672039403415,-0.2895814284898933,-0.2895814284898933,-0.2895814284898933,False,-0.03699379712451036,0.0001953125,False
trial,73,73,73,918.217694126786,918.217694126786,918.217694126786,918.217694126786,3836,1918,0,0,3836,1918,283864,141932,3525270.0,3525270.0,1837.992700729927,False,True,3836,1918,0,0,3836,1918,9.765625e-05,454.97672039403415,0.3475617719836564,0.3475617719836564,0.3475617719836564,False,-0.02116324138757255,9.765625e-05,True
trial,74,74,73,918.244946710006,918.244946710006,918.217694126786,918.217694126786,3836,1918,0,0,3836,1918,287700,143850,3525270.0,3525270.0,1837.992700729927,False,True,3836,1918,0,0,3836,1918,0.0001953125,85.89883861233685,-1.006535796825936,-1.006535796825936,-1.006535796825936,False,-0.027075622452760205,0.0001953125,False
trial,75,75,73,918.2198269730416,918.2198269730416,918.217694126786,918.217694126786,3836,1918,0,0,3836,1918,291536,145768,3525270.0,3525270.0,1837.992700729927,False,True,3836,1918,0,0,3836,1918,9.765625e-05,85.89883861233685,-0.1472298543513632,-0.1472298543513632,-0.1472298543513632,False,-0.01448650659174705,9.765625e-05,False
trial,76,76,76,920.519692094305,920.519692094305,920.519692094305,920.519692094305,3836,1918,0,0,3836,1918,295372,147686,3535270.0,3535270.0,1843.206465067779,False,True,3836,1918,0,0,3836,1918,4.8828125e-05,4252.383246230073,0.92798176258128,0.92798176258128,0.92798176258128,False,-0.0775166746055618,4.8828125e-05,True
trial,77,77,77,920.5093254532014,920.5093254532014,920.5093254532014,920.5093254532014,3836,1918,0,0,3836,1918,299208,149604,3535270.0,3535270.0,1843.206465067779,False,True,3836,1918,0,0,3836,1918,9.765625e-05,287.37133347239586,0.3731745043549703,0.3731745043549703,0.3731745043549703,False,-0.027779607080891278,9.765625e-05,True
trial,78,78,77,920.5309335809802,920.5309335809802,920.5093254532014,920.5093254532014,3836,1918,0,0,3836,1918,303044,151522,3535270.0,3535270.0,1843.206465067779,False,True,3836,1918,0,0,3836,1918,0.0001953125,132.4754955089715,-0.39860155979472944,-0.39860155979472944,-0.39860155979472944,False,-0.05420984250517839,0.0001953125,False
trial,79,79,79,920.4980823194305,920.4980823194305,920.4980823194305,920.4980823194305,3836,1918,0,0,3836,1918,306880,153440,3535270.0,3535270.0,1843.206465067779,False,True,3836,1918,0,0,3836,1918,9.765625e-05,132.4754955089715,0.37039880087395305,0.37039880087395305,0.37039880087395305,False,-0.030354131126709746,9.765625e-05,True
trial,80,80,79,920.5073747303318,920.5073747303318,920.4980823194305,920.4980823194305,3836,1918,0,0,3836,1918,310716,155358,3535270.0,3535270.0,1843.206465067779,False,True,3836,1918,0,0,3836,1918,0.0001953125,103.45031602255901,-0.2759043091020381,-0.2759043091020381,-0.2759043091020381,False,-0.03367983244443004,0.0001953125,False
trial,81,81,81,920.8260671341385,920.8260671341385,920.8260671341385,920.8260671341385,3836,1918,0,0,3836,1918,314552,157276,3546635.0,3546635.0,1849.1319082377477,False,True,3836,1918,0,0,3836,1918,9.765625e-05,5288.635079324571,0.8824527372312679,0.8824527372312679,0.8824527372312679,False,-0.13215802230496376,9.765625e-05,True
trial,82,82,82,920.8202000896697,920.8202000896697,920.8202000896697,920.8202000896697,3836,1918,0,0,3836,1918,318388,159194,3546635.0,3546635.0,1849.1319082377477,False,True,3836,1918,0,0,3836,1918,0.0001953125,328.73840752319444,0.18515330674037703,0.18515330674037703,0.18515330674037703,False,-0.03168749493103727,0.0001953125,True
trial,83,83,82,920.9059744244498,920.9059744244498,920.8202000896697,920.8202000896697,3836,1918,0,0,3836,1918,322224,161112,3546635.0,3546635.0,1849.1319082377477,False,True,3836,1918,0,0,3836,1918,0.000390625,154.3808355324609,-1.0895645102786184,-1.0895645102786184,-1.0895645102786184,False,-0.07872350280406276,0.000390625,False
trial,84,84,84,920.816243888317,920.816243888317,920.816243888317,920.816243888317,3836,1918,0,0,3836,1918,326060,163030,3546635.0,3546635.0,1849.1319082377477,False,True,3836,1918,0,0,3836,1918,0.0001953125,154.3808355324609,0.08862670098180724,0.08862670098180724,0.08862670098180724,False,-0.044638932837177056,0.0001953125,True
trial,85,85,84,920.8771462254329,920.8771462254329,920.816243888317,920.816243888317,3836,1918,0,0,3836,1918,329896,164948,3546635.0,3546635.0,1849.1319082377477,False,True,3836,1918,0,0,3836,1918,0.000390625,154.14603368366167,-0.9586187344939615,-0.9586187344939615,-0.9586187344939615,False,-0.063531344552756,0.000390625,False
trial,86,86,86,922.0861423329152,922.0861423329152,922.0861423329152,922.0861423329152,3836,1918,0,0,3836,1918,333732,166866,3559810.0,3559810.0,1856.0010427528675,False,True,3836,1918,0,0,3836,1918,0.0001953125,8258.015908947315,0.8681417575920776,0.8681417575920776,0.8681417575920776,False,-0.3058540679766967,0.0001953125,True
trial,87,87,86,922.1769846951802,922.1769846951802,922.0861423329152,922.0861423329152,3836,1918,0,0,3836,1918,337568,168784,3559810.0,3559810.0,1856.0010427528675,False,True,3836,1918,0,0,3836,1918,0.000390625,232.38886370195263,-1.1786168817346214,-1.1786168817346214,-1.1786168817346214,False,-0.07707539546803097,0.000390625,False
trial,88,88,88,922.0757456448209,922.0757456448209,922.0757456448209,922.0757456448209,3836,1918,0,0,3836,1918,341404,170702,3559810.0,3559810.0,1856.0010427528675,False,True,3836,1918,0,0,3836,1918,0.0001953125,232.38886370195263,0.20916780381064504,0.20916780381064504,0.20916780381064504,False,-0.04970501150202181,0.0001953125,True
trial,89,89,88,922.1630799647542,922.1630799647542,922.0757456448209,922.0757456448209,3836,1918,0,0,3836,1918,345240,172620,3559810.0,3559810.0,1856.0010427528675,False,True,3836,1918,0,0,3836,1918,0.000390625,147.76357622411516,-1.1653948426994512,-1.1653948426994512,-1.1653948426994512,False,-0.07493968287257725,0.000390625,False
trial,90,90,90,922.0736195433888,922.0736195433888,922.0736195433888,922.0736195433888,3836,1918,0,0,3836,1918,349076,174538,3559810.0,3559810.0,1856.0010427528675,False,True,3836,1918,0,0,3836,1918,0.0001953125,147.76357622411516,0.04715095482912297,0.04715095482912297,0.04715095482912297,False,-0.0450913759832256,0.0001953125,True
trial,91,91,91,924.9161935616593,924.9161935616593,924.9161935616593,924.9161935616593,3836,1918,0,0,3836,1918,352912,176456,3575085.0,3575085.0,1863.9650677789364,False,True,3836,1918,0,0,3836,1918,9.765625e-05,12412.309461463683,0.9287524278084889,0.9287524278084889,0.9287524278084889,False,-0.3989623929233412,9.765625e-05,True
trial,92,92,92,924.8307013109275,924.8307013109275,924.8307013109275,924.8307013109275,3836,1918,0,0,3836,1918,356748,178374,3575085.0,3575085.0,1863.9650677789364,False,True,3836,1918,0,0,3836,1918,0.0001953125,1055.0598591435203,0.5774233167981752,0.5774233167981752,0.5774233167981752,False,-0.14805818927762437,0.0001953125,True
trial,93,93,93,924.8271326670313,924.8271326670313,924.8271326670313,924.8271326670313,3836,1918,0,0,3836,1918,360584,180292,3575085.0,3575085.0,1863.9650677789364,False,True,3836,1918,0,0,3836,1918,0.000390625,297.5847229591955,0.01650592167443504,0.01650592167443504,0.01650592167443504,False,-0.2162038549907055,0.000390625,True
trial,94,94,94,924.7173762715405,924.7173762715405,924.7173762715405,924.7173762715405,3836,1918,0,0,3836,1918,364420,182210,3575085.0,3575085.0,1863.9650677789364,False,True,3836,1918,0,0,3836,1918,0.0001953125,558.8579337247837,0.6375867221887177,0.6375867221887177,0.6375867221887177,False,-0.17214347738295002,0.0001953125,True
trial,95,95,94,924.9028675809886,924.9028675809886,924.7173762715405,924.7173762715405,3836,1918,0,0,3836,1918,368256,184128,3575085.0,3575085.0,1863.9650677789364,False,True,3836,1918,0,0,3836,1918,0.000390625,159.78770289164152,-2.409412283553269,-2.409412283553269,-2.409412283553269,False,-0.07698612259691254,0.000390625,False
trial,96,96,96,926.7047331993022,926.7047331993022,926.7047331993022,926.7047331993022,3836,1918,0,0,3836,1918,372092,186046,3592790.0,3592790.0,1873.1960375391031,False,True,3836,1918,0,0,3836,1918,0.0001953125,1456.7638679663557,0.9115978555619471,0.9115978555619471,0.9115978555619471,False,-0.3124251553299534,0.0001953125,True
trial,97,97,96,926.7622426794087,926.7622426794087,926.7047331993022,926.7047331993022,3836,1918,0,0,3836,1918,375928,187964,3592790.0,3592790.0,1873.1960375391031,False,True,3836,1918,0,0,3836,1918,0.000390625,316.93312197784445,-0.2932014455602701,-0.2932014455602701,-0.2932014455602701,False,-0.1961432352308254,0.000390625,False
trial,98,98,98,926.6449899636093,926.6449899636093,926.6449899636093,926.6449899636093,3836,1918,0,0,3836,1918,379764,189882,3592790.0,3592790.0,1873.1960375391031,False,True,3836,1918,0,0,3836,1918,0.0001953125,316.93312197784445,0.5036686408258707,0.5036686408258707,0.5036686408258707,False,-0.11861615127534589,0.0001953125,True
trial,99,99,98,926.7342861809136,926.7342861809136,926.6449899636093,926.6449899636093,3836,1918,0,0,3836,1918,383600,191800,3592790.0,3592790.0,1873.1960375391031,False,True,3836,1918,0,0,3836,1918,0.000390625,216.5299662689268,-0.6637448421267956,-0.6637448421267956,-0.6637448421267956,False,-0.1345339528638484,0.000390625,False
trial,100,100,100,926.6279355309508,926.6279355309508,926.6279355309508,926.6279355309508,3836,1918,0,0,3836,1918,387436,193718,3592790.0,3592790.0,1873.1960375391031,False,True,3836,1918,0,0,3836,1918,0.0001953125,216.5299662689268,0.22582700523333957,0.22582700523333957,0.22582700523333957,False,-0.07551989914076655,0.0001953125,True
trial,101,101,101,925.193581168287,925.193581168287,925.193581168287,925.193581168287,3836,1918,0,0,3836,1918,391272,195636,3613315.0,3613315.0,1883.8972888425444,False,True,3836,1918,0,0,3836,1918,0.000390625,8987.564600361971,0.17570866042412478,0.17570866042412478,0.17570866042412478,False,-0.5653978801282336,0.000390625,True
trial,102,102,101,925.354581195426,925.354581195426,925.193581168287,925.193581168287,3836,1918,0,0,3836,1918,395108,197554,3613315.0,3613315.0,1883.8972888425444,False,True,3836,1918,0,0,3836,1918,0.00078125,965.8609792056892,-0.2027710784857304,-0.2027710784857304,-0.2027710784857304,False,-0.7939989684000675,0.00078125,False
trial,103,103,103,924.9039003209214,924.9039003209214,924.9039003209214,924.9039003209214,3836,1918,0,0,3836,1918,398944,199472,3613315.0,3613315.0,1883.8972888425444,False,True,3836,1918,0,0,3836,1918,0.000390625,965.8609792056892,0.5315187218708896,0.5315187218708896,0.5315187218708896,False,-0.5450059150239724,0.000390625,True
trial,104,104,103,925.4478254101841,925.4478254101841,924.9039003209214,924.9039003209214,3836,1918,0,0,3836,1918,402780,201390,3613315.0,3613315.0,1883.8972888425444,False,True,3836,1918,0,0,3836,1918,0.00078125,419.9888030653846,-3.036850924423045,-3.036850924423045,-3.036850924423045,False,-0.17910826141921812,0.00078125,False
trial,105,105,103,924.983904411809,924.983904411809,924.9039003209214,924.9039003209214,3836,1918,0,0,3836,1918,406616,203308,3613315.0,3613315.0,1883.8972888425444,False,True,3836,1918,0,0,3836,1918,0.000390625,419.9888030653846,-0.8070453451885449,-0.8070453451885449,-0.8070453451885449,False,-0.0991320888778121,0.000390625,False
trial,106,106,106,924.4800760987048,924.4800760987048,924.4800760987048,924.4800760987048,3836,1918,0,0,3836,1918,410452,205226,3637110.0,3637110.0,1896.303441084463,False,True,3836,1918,0,0,3836,1918,0.0001953125,15991.32268836765,0.6569928455515013,0.6569928455515013,0.6569928455515013,False,-0.35910925694503343,0.0001953125,True
trial,107,107,107,924.471687354223,924.471687354223,924.471687354223,924.471687354223,3836,1918,0,0,3836,1918,414288,207144,3637110.0,3637110.0,1896.303441084463,False,True,3836,1918,0,0,3836,1918,0.000390625,1618.5117507559657,0.03145828837099099,0.03145828837099099,0.03145828837099099,False,-0.2666624573727544,0.000390625,True
trial,108,108,108,924.3743746647722,924.3743746647722,924.3743746647722,924.3743746647722,3836,1918,0,0,3836,1918,418124,209062,3637110.0,3637110.0,1896.303441084463,False,True,3836,1918,0,0,3836,1918,0.0001953125,776.6222232688249,0.4586166493832368,0.4586166493832368,0.4586166493832368,False,-0.2121874327539765,0.0001953125,True
trial,109,109,108,924.5476129510673,924.5476129510673,924.3743746647722,924.3743746647722,3836,1918,0,0,3836,1918,421960,210980,3637110.0,3637110.0,1896.303441084463,False,True,3836,1918,0,0,3836,1918,0.000390625,297.4854132951008,-1.0192939842911415,-1.0192939842911415,-1.0192939842911415,False,-0.16995909812577017,0.000390625,False
trial,110,110,110,924.3624629821333,924.3624629821333,924.3624629821333,924.3624629821333,3836,1918,0,0,3836,1918,425796,212898,3637110.0,3637110.0,1896.303441084463,False,True,3836,1918,0,0,3836,1918,0.0001953125,297.4854132951008,0.12106849276410142,0.12106849276410142,0.12106849276410142,False,-0.09838796508464084,0.0001953125,True
trial,111,111,111,922.078851625371,922.078851625371,922.078851625371,922.078851625371,3836,1918,0,0,3836,1918,429632,214816,3664695.0,3664695.0,1910.6856100104276,False,True,3836,1918,0,0,3836,1918,0.000390625,11457.168034839833,0.43466010063021493,0.43466010063021493,0.43466010063021493,False,-0.48583651737699546,0.000390625,True
trial,112,112,111,922.3488450564205,922.3488450564205,922.078851625371,922.078851625371,3836,1918,0,0,3836,1918,433468,216734,3664695.0,3664695.0,1910.6856100104276,False,True,3836,1918,0,0,3836,1918,0.00078125,985.0563474435336,-0.6722720507063632,-0.6722720507063632,-0.6722720507063632,False,-0.4016133509726573,0.00078125,False
trial,113,113,113,921.9580261015665,921.9580261015665,921.9580261015665,921.9580261015665,3836,1918,0,0,3836,1918,437304,218652,3664695.0,3664695.0,1910.6856100104276,False,True,3836,1918,0,0,3836,1918,0.000390625,985.0563474435336,0.3857938020675891,0.3857938020675891,0.3857938020675891,False,-0.31318679345553985,0.000390625,True
trial,114,114,113,922.6705432041194,922.6705432041194,921.9580261015665,921.9580261015665,3836,1918,0,0,3836,1918,441140,220570,3664695.0,3664695.0,1910.6856100104276,False,True,3836,1918,0,0,3836,1918,0.00078125,516.7514317155488,-3.58929493102306,-3.58929493102306,-3.58929493102306,False,-0.19851171782918264,0.00078125,False
trial,115,115,113,922.027476402046,922.027476402046,921.9580261015665,921.9580261015665,3836,1918,0,0,3836,1918,444976,222488,3664695.0,3664695.0,1910.6856100104276,False,True,3836,1918,0,0,3836,1918,0.000390625,516.7514317155488,-0.514587867079845,-0.514587867079845,-0.514587867079845,False,-0.1349629575870398,0.000390625,False
trial,116,116,116,923.6109015318921,923.6109015318921,923.6109015318921,923.6109015318921,3836,1918,0,0,3836,1918,448812,224406,3696675.0,3696675.0,1927.359228362878,False,True,3836,1918,0,0,3836,1918,0.0001953125,5319.265933554474,0.884953482320318,0.884953482320318,0.884953482320318,False,-0.4622304378742064,0.0001953125,True
trial,117,117,117,923.5746922282805,923.5746922282805,923.5746922282805,923.5746922282805,3836,1918,0,0,3836,1918,452648,226324,3696675.0,3696675.0,1927.359228362878,False,True,3836,1918,0,0,3836,1918,0.000390625,245.073876109851,0.45516342158908024,0.45516342158908024,0.45516342158908024,False,-0.07955231438674124,0.000390625,True
trial,118,118,117,924.1319769525621,924.1319769525621,923.5746922282805,923.5746922282805,3836,1918,0,0,3836,1918,456484,228242,3696675.0,3696675.0,1927.359228362878,False,True,3836,1918,0,0,3836,1918,0.00078125,423.9820863457627,-4.416614781813892,-4.416614781813892,-4.416614781813892,False,-0.1261791557136397,0.00078125,False
trial,119,119,117,923.6490013781525,923.6490013781525,923.5746922282805,923.5746922282805,3836,1918,0,0,3836,1918,460320,230160,3696675.0,3696675.0,1927.359228362878,False,True,3836,1918,0,0,3836,1918,0.000390625,423.9820863457627,-0.9325292229108455,-0.9325292229108455,-0.9325292229108455,False,-0.07968559917095813,0.000390625,False
trial,120,120,120,923.5565129750291,923.5565129750291,923.5565129750291,923.5565129750291,3836,1918,0,0,3836,1918,464156,232078,3696675.0,3696675.0,1927.359228362878,False,True,3836,1918,0,0,3836,1918,0.0001953125,423.9820863457627,0.3669657194342317,0.3669657194342317,0.3669657194342317,False,-0.04953937735481273,0.0001953125,True
trial,121,121,121,921.558347670348,921.558347670348,921.558347670348,921.558347670348,3836,1918,0,0,3836,1918,467992,233996,3729445.0,3729445.0,1944.4447340980187,False,True,3836,1918,0,0,3836,1918,0.000390625,14498.761265502299,0.7756799698797741,0.7756799698797741,0.7756799698797741,False,-0.5948789661480409,0.000390625,True
trial,122,122,121,921.8244754005646,921.8244754005646,921.558347670348,921.558347670348,3836,1918,0,0,3836,1918,471828,235914,3729445.0,3729445.0,1944.4447340980187,False,True,3836,1918,0,0,3836,1918,0.00078125,884.3794733393809,-0.8435308937142588,-0.8435308937142588,-0.8435308937142588,False,-0.3154925708111841,0.00078125,False
trial,123,123,123,921.5045964101728,921.5045964101728,921.5045964101728,921.5045964101728,3836,1918,0,0,3836,1918,475664,237832,3729445.0,3729445.0,1944.4447340980187,False,True,3836,1918,0,0,3836,1918,0.000390625,884.3794733393809,0.24267114509964002,0.24267114509964002,0.24267114509964002,False,-0.2214983580068164,0.000390625,True
trial,124,124,123,922.0036963154212,922.0036963154212,921.5045964101728,921.5045964101728,3836,1918,0,0,3836,1918,479500,239750,3729445.0,3729445.0,1944.4447340980187,False,True,3836,1918,0,0,3836,1918,0.00078125,794.0833291722677,-1.889998856084891,-1.889998856084891,-1.889998856084891,False,-0.2640741837708119,0.00078125,False
trial,125,125,125,921.4778965116938,921.4778965116938,921.4778965116938,921.4778965116938,3836,1918,0,0,3836,1918,483336,241668,3729445.0,3729445.0,1944.4447340980187,False,True,3836,1918,0,0,3836,1918,0.000390625,794.0833291722677,0.14353704029976477,0.14353704029976477,0.14353704029976477,False,-0.18601399627066986,0.000390625,True
trial,126,126,125,922.355661423769,922.355661423769,922.0946317879002,922.0946317879002,3836,1918,0,0,3836,1918,487172,243586,3739445.0,3739445.0,1949.6584984358708,False,True,3836,1918,0,0,3836,1918,0.00078125,8517.787247933704,-0.5963154745018853,-0.5963154745018853,-0.5963154745018853,False,-0.4377374846541391,0.00078125,False
trial,127,127,127,921.86323321503,921.86323321503,921.86323321503,921.86323321503,3836,1918,0,0,3836,1918,491008,245504,3739445.0,3739445.0,1949.6584984358708,False,True,3836,1918,0,0,3836,1918,0.000390625,8517.787247933704,0.6464274241970175,0.6464274241970175,0.6464274241970175,False,-0.357965278403199,0.000390625,True
trial,128,128,127,922.4464714366533,922.4464714366533,921.86323321503,921.86323321503,3836,1918,0,0,3836,1918,494844,247422,3739445.0,3739445.0,1949.6584984358708,False,True,3836,1918,0,0,3836,1918,0.00078125,658.2892976447341,-4.236416646284245,-4.236416646284245,-4.236416646284245,False,-0.1376725356168111,0.00078125,False
trial,129,129,127,921.9186984640415,921.9186984640415,921.86323321503,921.86323321503,3836,1918,0,0,3836,1918,498680,249340,3739445.0,3739445.0,1949.6584984358708,False,True,3836,1918,0,0,3836,1918,0.000390625,658.2892976447341,-0.45860704402945335,-0.45860704402945335,-0.45860704402945335,False,-0.1209428632498899,0.000390625,False
trial,130,130,130,921.8195181351937,921.8195181351937,921.8195181351937,921.8195181351937,3836,1918,0,0,3836,1918,502516,251258,3739445.0,3739445.0,1949.6584984358708,False,True,3836,1918,0,0,3836,1918,0.0001953125,658.2892976447341,0.4905561686593454,0.4905561686593454,0.4905561686593454,False,-0.08911330165482319,0.0001953125,True
trial,131,131,131,921.0094396462537,921.0094396462537,921.0094396462537,921.0094396462537,3836,1918,0,0,3836,1918,506352,253176,3772215.0,3772215.0,1966.7440041710115,False,True,3836,1918,0,0,3836,1918,0.000390625,9320.115447616046,0.7589074645848943,0.7589074645848943,0.7589074645848943,False,-0.6293053506715627,0.000390625,True
trial,132,132,131,921.3935433476869,921.3935433476869,921.0094396462537,921.0094396462537,3836,1918,0,0,3836,1918,510188,255094,3772215.0,3772215.0,1966.7440041710115,False,True,3836,1918,0,0,3836,1918,0.00078125,918.4506514183302,-1.5593766817320975,-1.5593766817320975,-1.5593766817320975,False,-0.2463187412848643,0.00078125,False
trial,133,133,133,920.9800546377718,920.9800546377718,920.9800546377718,920.9800546377718,3836,1918,0,0,3836,1918,514024,257012,3772215.0,3772215.0,1966.7440041710115,False,True,3836,1918,0,0,3836,1918,0.000390625,918.4506514183302,0.16248084995251655,0.16248084995251655,0.16248084995251655,False,-0.18085213420823992,0.000390625,True
trial,134,134,133,921.445394340316,921.445394340316,920.9800546377718,920.9800546377718,3836,1918,0,0,3836,1918,517860,258930,3772215.0,3772215.0,1966.7440041710115,False,True,3836,1918,0,0,3836,1918,0.00078125,717.6824480787656,-2.003007623180492,-2.003007623180492,-2.003007623180492,False,-0.2323204850340892,0.00078125,False
trial,135,135,135,920.9745697320438,920.9745697320438,920.9745697320438,920.9745697320438,3836,1918,0,0,3836,1918,521696,260848,3772215.0,3772215.0,1966.7440041710115,False,True,3836,1918,0,0,3836,1918,0.000390625,717.6824480787656,0.0324295286801033,0.0324295286801033,0.0324295286801033,False,-0.16913306949493206,0.000390625,True
trial,136,136,136,922.4987056931272,922.4987056931272,922.4987056931272,922.4987056931272,3836,1918,0,0,3836,1918,525532,262766,3829970.0,3829970.0,1996.8561001042754,False,True,3836,1918,0,0,3836,1918,0.0001953125,26615.4305560411,0.9853673089707723,0.9853673089707723,0.9853673089707723,False,-0.9958859405967765,0.0001953125,True
trial,137,137,137,922.412904057157,922.412904057157,922.412904057157,922.412904057157,3836,1918,0,0,3836,1918,529368,264684,3829970.0,3829970.0,1996.8561001042754,False,True,3836,1918,0,0,3836,1918,0.000390625,367.00356010526986,0.6668022535462212,0.6668022535462212,0.6668022535462212,False,-0.12867628373170825,0.000390625,True
trial,138,138,137,922.6162455396847,922.6162455396847,922.412904057157,922.412904057157,3836,1918,0,0,3836,1918,533204,266602,3829970.0,3829970.0,1996.8561001042754,False,True,3836,1918,0,0,3836,1918,0.00078125,672.0456927058641,-1.561375233493803,-1.561375233493803,-1.561375233493803,False,-0.13023229660986507,0.00078125,False
trial,139,139,139,922.3750075169992,922.3750075169992,922.3750075169992,922.3750075169992,3836,1918,0,0,3836,1918,537040,268520,3829970.0,3829970.0,1996.8561001042754,False,True,3836,1918,0,0,3836,1918,0.000390625,672.0456927058641,0.46678968361558487,0.46678968361558487,0.46678968361558487,False,-0.08118547064768894,0.000390625,True
trial,140,140,139,922.5718866787021,922.5718866787021,922.3750075169992,922.3750075169992,3836,1918,0,0,3836,1918,540876,270438,3829970.0,3829970.0,1996.8561001042754,False,True,3836,1918,0,0,3836,1918,0.00078125,606.8447629629693,-3.937215695081176,-3.937215695081176,-3.937215695081176,False,-0.05000466749862338,0.00078125,False
trial,141,141,141,926.1200366726057,926.1200366726057,926.1200366726057,926.1200366726057,3836,1918,0,0,3836,1918,544712,272356,3862740.0,3862740.0,2013.941605839416,False,True,3836,1918,0,0,3836,1918,0.000390625,8394.539494968783,0.7452694325683104,0.7452694325683104,0.7452694325683104,False,-0.5325806991984542,0.000390625,True
trial,142,142,141,926.6678839809969,926.6678839809969,926.1200366726057,926.1200366726057,3836,1918,0,0,3836,1918,548548,274274,3862740.0,3862740.0,2013.941605839416,False,True,3836,1918,0,0,3836,1918,0.00078125,839.2085902628068,-1.4320650213908337,-1.4320650213908337,-1.4320650213908337,False,-0.3825575656188401,0.00078125,False
trial,143,143,143,926.0328691728289,926.0328691728289,926.0328691728289,926.0328691728289,3836,1918,0,0,3836,1918,552384,276192,3862740.0,3862740.0,2013.941605839416,False,True,3836,1918,0,0,3836,1918,0.000390625,839.2085902628068,0.37967045341958355,0.37967045341958355,0.37967045341958355,False,-0.22958726177321412,0.000390625,True
trial,144,144,143,926.6602931948864,926.6602931948864,926.0328691728289,926.0328691728289,3836,1918,0,0,3836,1918,556220,278110,3862740.0,3862740.0,2013.941605839416,False,True,3836,1918,0,0,3836,1918,0.00078125,699.777366607813,-2.8930150230227354,-2.8930150230227354,-2.8930150230227354,False,-0.21687548010102697,0.00078125,False
trial,145,145,143,926.0680169818678,926.0680169818678,926.0328691728289,926.0328691728289,3836,1918,0,0,3836,1918,560056,280028,3862740.0,3862740.0,2013.941605839416,False,True,3836,1918,0,0,3836,1918,0.000390625,699.777366607813,-0.2215117257712791,-0.2215117257712791,-0.2215117257712791,False,-0.1586724536433588,0.000390625,False
trial,146,146,146,928.5968778926936,928.5968778926936,928.5968778926936,928.5968778926936,3836,1918,0,0,3836,1918,563892,281946,3940360.0,3940360.0,2054.410844629823,False,True,3836,1918,0,0,3836,1918,0.0001953125,14342.196783335248,0.9296721613436857,0.9296721613436857,0.9296721613436857,False,-0.9556773251977037,0.0001953125,True
trial,147,147,147,928.4652366145299,928.4652366145299,928.4652366145299,928.4652366145299,3836,1918,0,0,3836,1918,567728,283864,3940360.0,3940360.0,2054.410844629823,False,True,3836,1918,0,0,3836,1918,0.000390625,772.1687622657576,0.39432051740769114,0.39432051740769114,0.39432051740769114,False,-0.3338433389900557,0.000390625,True
trial,148,148,147,928.8082033333154,928.8082033333154,928.4652366145299,928.4652366145299,3836,1918,0,0,3836,1918,571564,285782,3940360.0,3940360.0,2054.410844629823,False,True,3836,1918,0,0,3836,1918,0.00078125,1101.258720176403,-0.7956612502109727,-0.7956612502109727,-0.7956612502109727,False,-0.4310461502235958,0.00078125,False
trial,149,149,149,928.3692527687572,928.3692527687572,928.3692527687572,928.3692527687572,3836,1918,0,0,3836,1918,575400,287700,3940360.0,3940360.0,2054.410844629823,False,True,3836,1918,0,0,3836,1918,0.000390625,1101.258720176403,0.34311743865624494,0.34311743865624494,0.34311743865624494,False,-0.2797405056082549,0.000390625,True
trial,150,150,149,929.3270811203324,929.3270811203324,928.3692527687572,928.3692527687572,3836,1918,0,0,3836,1918,579236,289618,3940360.0,3940360.0,2054.410844629823,False,True,3836,1918,0,0,3836,1918,0.00078125,915.7156760865629,-2.736575542677615,-2.736575542677615,-2.736575542677615,False,-0.3500098340563451,0.00078125,False
trial,151,151,151,927.6515234849716,927.6515234849716,927.6515234849716,927.6515234849716,3836,1918,0,0,3836,1918,583072,291536,3973130.0,3973130.0,2071.4963503649633,False,True,3836,1918,0,0,3836,1918,0.000390625,3251.834621700367,0.4877995742581641,0.4877995742581641,0.4877995742581641,False,-0.46948772418140794,0.000390625,True
trial,152,152,151,928.1427555418823,928.1427555418823,927.6515234849716,927.6515234849716,3836,1918,0,0,3836,1918,586908,293454,3973130.0,3973130.0,2071.4963503649633,False,True,3836,1918,0,0,3836,1918,0.00078125,1077.5607057159964,-1.0217414917917527,-1.0217414917917527,-1.0217414917917527,False,-0.4807791998827925,0.00078125,False
trial,153,153,153,927.5815347452185,927.5815347452185,927.5815347452185,927.5815347452185,3836,1918,0,0,3836,1918,590744,295372,3973130.0,3973130.0,2071.4963503649633,False,True,3836,1918,0,0,3836,1918,0.000390625,1077.5607057159964,0.2095086338062561,0.2095086338062561,0.2095086338062561,False,-0.3340613629211089,0.000390625,True
trial,154,154,153,928.415058976482,928.415058976482,927.5815347452185,927.5815347452185,3836,1918,0,0,3836,1918,594580,297290,3973130.0,3973130.0,2071.4963503649633,False,True,3836,1918,0,0,3836,1918,0.00078125,1137.9868238012828,-2.017816439447776,-2.017816439447776,-2.017816439447776,False,-0.41308228784754863,0.00078125,False
trial,155,155,155,927.5702533526236,927.5702533526236,927.5702533526236,927.5702533526236,3836,1918,0,0,3836,1918,598416,299208,3973130.0,3973130.0,2071.4963503649633,False,True,3836,1918,0,0,3836,1918,0.000390625,1137.9868238012828,0.03812425463098273,0.03812425463098273,0.03812425463098273,False,-0.29591116479837654,0.000390625,True
trial,156,156,156,932.2531307167495,932.2531307167495,932.2531307167495,932.2531307167495,3836,1918,0,0,3836,1918,602252,301126,4077440.0,4077440.0,2125.881126173097,False,True,3836,1918,0,0,3836,1918,0.0001953125,33725.333679565556,0.9169761729426822,0.9169761729426822,0.9169761729426822,False,-1.4309290230281926,0.0001953125,True
trial,157,157,156,932.2862057401103,932.2862057401103,932.2531307167495,932.2531307167495,3836,1918,0,0,3836,1918,606088,303044,4077440.0,4077440.0,2125.881126173097,False,True,3836,1918,0,0,3836,1918,0.000390625,1837.7419921132262,-0.12989800307306673,-0.12989800307306673,-0.12989800307306673,False,-0.25462303175023776,0.000390625,False
trial,158,158,158,932.175258725224,932.175258725224,932.175258725224,932.175258725224,3836,1918,0,0,3836,1918,609924,304962,4077440.0,4077440.0,2125.881126173097,False,True,3836,1918,0,0,3836,1918,0.0001953125,1837.7419921132262,0.47466725562210005,0.47466725562210005,0.47466725562210005,False,-0.1640559583648827,0.0001953125,True
trial,159,159,158,932.2872825495824,932.2872825495824,932.175258725224,932.175258725224,3836,1918,0,0,3836,1918,613760,306880,4077440.0,4077440.0,2125.881126173097,False,True,3836,1918,0,0,3836,1918,0.000390625,384.1182383459649,-0.47128569074333865,-0.47128569074333865,-0.47128569074333865,False,-0.23769833576256533,0.000390625,False
trial,160,160,160,932.1265429811274,932.1265429811274,932.1265429811274,932.1265429811274,3836,1918,0,0,3836,1918,617596,308798,4077440.0,4077440.0,2125.881126173097,False,True,3836,1918,0,0,3836,1918,0.0001953125,384.1182383459649,0.3527041963462929,0.3527041963462929,0.3527041963462929,False,-0.13812068186678306,0.0001953125,True
trial,161,161,161,933.8100441832303,933.8100441832303,933.8100441832303,933.8100441832303,3836,1918,0,0,3836,1918,621432,310716,4110210.0,4110210.0,2142.9666319082376,False,True,3836,1918,0,0,3836,1918,0.000390625,8287.540176015482,0.5963717120675217,0.5963717120675217,0.5963717120675217,False,-0.5255411356186827,0.000390625,True
trial,162,162,161,934.5088555217651,934.5088555217651,933.8100441832303,933.8100441832303,3836,1918,0,0,3836,1918,625268,312634,4110210.0,4110210.0,2142.9666319082376,False,True,3836,1918,0,0,3836,1918,0.00078125,949.1999320746822,-1.150803572515727,-1.150803572515727,-1.150803572515727,False,-0.6072377208624578,0.00078125,False
trial,163,163,163,933.7098452966652,933.7098452966652,933.7098452966652,933.7098452966652,3836,1918,0,0,3836,1918,629104,314552,4110210.0,4110210.0,2142.9666319082376,False,True,3836,1918,0,0,3836,1918,0.000390625,949.1999320746822,0.2578190197275238,0.2578190197275238,0.2578190197275238,False,-0.38864039848946225,0.000390625,True
trial,164,164,163,934.9547352529084,934.9547352529084,933.7098452966652,933.7098452966652,3836,1918,0,0,3836,1918,632940,316470,4110210.0,4110210.0,2142.9666319082376,False,True,3836,1918,0,0,3836,1918,0.00078125,867.5950422633289,-2.5801773274857083,-2.5801773274857083,-2.5801773274857083,False,-0.4824823251417153,0.00078125,False
trial,165,165,163,933.7428978162575,933.7428978162575,933.7098452966652,933.7098452966652,3836,1918,0,0,3836,1918,636776,318388,4110210.0,4110210.0,2142.9666319082376,False,True,3836,1918,0,0,3836,1918,0.000390625,867.5950422633289,-0.10702795695977066,-0.10702795695977066,-0.10702795695977066,False,-0.30882136341907657,0.000390625,False
trial,166,166,166,928.6210806369165,928.6210806369165,928.6210806369165,928.6210806369165,3836,1918,0,0,3836,1918,640612,320306,4241285.0,4241285.0,2211.306047966632,False,True,3836,1918,0,0,3836,1918,0.0001953125,28825.680277103304,0.9129591576872361,0.9129591576872361,0.9129591576872361,False,-1.3436966045666126,0.0001953125,True
trial,167,167,167,928.4321258177238,928.4321258177238,928.4321258177238,928.4321258177238,3836,1918,0,0,3836,1918,644448,322224,4241285.0,4241285.0,2211.306047966632,False,True,3836,1918,0,0,3836,1918,0.000390625,908.0605921746285,0.3653765811695003,0.3653765811695003,0.3653765811695003,False,-0.5171508764681927,0.000390625,True
trial,168,168,167,929.097711980032,929.097711980032,928.4321258177238,928.4321258177238,3836,1918,0,0,3836,1918,648284,324142,4241285.0,4241285.0,2211.306047966632,False,True,3836,1918,0,0,3836,1918,0.00078125,1013.7334118320244,-0.9364809128785397,-0.9364809128785397,-0.9364809128785397,False,-0.7107311565618619,0.00078125,False
trial,169,169,169,928.1977718192472,928.1977718192472,928.1977718192472,928.1977718192472,3836,1918,0,0,3836,1918,652120,326060,4241285.0,4241285.0,2211.306047966632,False,True,3836,1918,0,0,3836,1918,0.000390625,1013.7334118320244,0.4413754133610486,0.4413754133610486,0.4413754133610486,False,-0.530962965725579,0.000390625,True
trial,170,170,169,929.5646432217717,929.5646432217717,928.1977718192472,928.1977718192472,3836,1918,0,0,3836,1918,655956,327978,4241285.0,4241285.0,2211.306047966632,False,True,3836,1918,0,0,3836,1918,0.00078125,839.7074914211458,-2.582815320071909,-2.582815320071909,-2.582815320071909,False,-0.5292176300419331,0.00078125,False
trial,171,171,171,927.1762251095447,927.1762251095447,927.1762251095447,927.1762251095447,3836,1918,0,0,3836,1918,659792,329896,4274055.0,4274055.0,2228.391553701773,False,True,3836,1918,0,0,3836,1918,0.000390625,9213.298309113914,0.29578136675351424,0.29578136675351424,0.29578136675351424,False,-0.5255117649966731,0.000390625,True
trial,172,172,171,927.8487284262455,927.8487284262455,927.1762251095447,927.1762251095447,3836,1918,0,0,3836,1918,663628,331814,4274055.0,4274055.0,2228.391553701773,False,True,3836,1918,0,0,3836,1918,0.00078125,1278.941214973242,-0.9462652121059283,-0.9462652121059283,-0.9462652121059283,False,-0.7106922119689613,0.00078125,False
trial,173,173,173,926.9334215077229,926.9334215077229,926.9334215077229,926.9334215077229,3836,1918,0,0,3836,1918,667464,333732,4274055.0,4274055.0,2228.391553701773,False,True,3836,1918,0,0,3836,1918,0.000390625,1278.941214973242,0.45324872570978136,0.45324872570978136,0.45324872570978136,False,-0.5356961598548489,0.000390625,True
trial,174,174,173,928.2291377099518,928.2291377099518,926.9334215077229,926.9334215077229,3836,1918,0,0,3836,1918,671300,335650,4274055.0,4274055.0,2228.391553701773,False,True,3836,1918,0,0,3836,1918,0.00078125,869.2064712432277,-3.1022584137441807,-3.1022584137441807,-3.1022584137441807,False,-0.41766868823320635,0.00078125,False
trial,175,175,173,927.0095390345356,927.0095390345356,926.9334215077229,926.9334215077229,3836,1918,0,0,3836,1918,675136,337568,4274055.0,4274055.0,2228.391553701773,False,True,3836,1918,0,0,3836,1918,0.000390625,869.2064712432277,-0.27172060435941814,-0.27172060435941814,-0.27172060435941814,False,-0.28013159691057005,0.000390625,False
trial,176,176,176,924.7492016740048,924.7492016740048,924.7492016740048,924.7492016740048,3836,1918,0,0,3836,1918,678972,339486,4405130.0,4405130.0,2296.7309697601668,False,True,3836,1918,0,0,3836,1918,0.0001953125,21573.717733971178,0.9083205666758066,0.9083205666758066,0.9083205666758066,False,-1.3703233158867691,0.0001953125,True
trial,177,177,177,924.6741854003503,924.6741854003503,924.6741854003503,924.6741854003503,3836,1918,0,0,3836,1918,682808,341404,4405130.0,4405130.0,2296.7309697601668,False,True,3836,1918,0,0,3836,1918,0.000390625,1015.358548503911,0.2122168007420654,0.2122168007420654,0.2122168007420654,False,-0.3534888538143231,0.000390625,True
trial,178,178,177,925.5987456810635,925.5987456810635,924.6741854003503,924.6741854003503,3836,1918,0,0,3836,1918,686644,343322,4405130.0,4405130.0,2296.7309697601668,False,True,3836,1918,0,0,3836,1918,0.00078125,972.4936559026451,-1.584808651414612,-1.584808651414612,-1.584808651414612,False,-0.5833892185582942,0.00078125,False
trial,179,179,179,924.5194558406613,924.5194558406613,924.5194558406613,924.5194558406613,3836,1918,0,0,3836,1918,690480,345240,4405130.0,4405130.0,2296.7309697601668,False,True,3836,1918,0,0,3836,1918,0.000390625,972.4936559026451,0.36073765031098537,0.36073765031098537,0.36073765031098537,False,-0.42892545193339604,0.000390625,True
trial,180,180,179,925.1806074397598,925.1806074397598,924.5194558406613,924.5194558406613,3836,1918,0,0,3836,1918,694316,347158,4405130.0,4405130.0,2296.7309697601668,False,True,3836,1918,0,0,3836,1918,0.00078125,894.2547089380006,-1.6864631467575555,-1.6864631467575555,-1.6864631467575555,False,-0.3920344185223688,0.00078125,False
trial,181,181,181,925.1235967398437,925.1235967398437,925.1235967398437,925.1235967398437,3836,1918,0,0,3836,1918,698152,349076,4437900.0,4437900.0,2313.8164754953077,False,True,3836,1918,0,0,3836,1918,0.000390625,8259.047739414818,0.5363900823892627,0.5363900823892627,0.5363900823892627,False,-0.5378466152705604,0.000390625,True
trial,182,182,181,925.7446221901369,925.7446221901369,925.1235967398437,925.1235967398437,3836,1918,0,0,3836,1918,701988,350994,4437900.0,4437900.0,2313.8164754953077,False,True,3836,1918,0,0,3836,1918,0.00078125,1015.272201157865,-1.152558023301452,-1.152558023301452,-1.152558023301452,False,-0.5388235886938098,0.00078125,False
trial,183,183,183,925.0109205717056,925.0109205717056,925.0109205717056,925.0109205717056,3836,1918,0,0,3836,1918,705824,352912,4437900.0,4437900.0,2313.8164754953077,False,True,3836,1918,0,0,3836,1918,0.000390625,1015.272201157865,0.3056485432001617,0.3056485432001617,0.3056485432001617,False,-0.3686461808664597,0.000390625,True
trial,184,184,183,925.8002699514639,925.8002699514639,925.0109205717056,925.0109205717056,3836,1918,0,0,3836,1918,709660,354830,4437900.0,4437900.0,2313.8164754953077,False,True,3836,1918,0,0,3836,1918,0.00078125,800.1156268148271,-2.11337264048475,-2.11337264048475,-2.11337264048475,False,-0.37350222324124654,0.00078125,False
trial,185,185,185,924.9840185671555,924.9840185671555,924.9840185671555,924.9840185671555,3836,1918,0,0,3836,1918,713496,356748,4437900.0,4437900.0,2313.8164754953077,False,True,3836,1918,0,0,3836,1918,0.000390625,800.1156268148271,0.0994468062122005,0.0994468062122005,0.0994468062122005,False,-0.27051652611783816,0.000390625,True
trial,186,186,185,926.4181360940554,926.4181360940554,925.5633479038797,925.5633479038797,3836,1918,0,0,3836,1918,717332,358666,4447900.0,4447900.0,2319.0302398331596,False,True,3836,1918,0,0,3836,1918,0.00078125,7444.580722604875,-1.4812392201530433,-1.4812392201530433,-1.4812392201530433,False,-0.5770763955921654,0.00078125,False
trial,187,187,187,925.388988944334,925.388988944334,925.388988944334,925.388988944334,3836,1918,0,0,3836,1918,721168,360584,4447900.0,4447900.0,2319.0302398331596,False,True,3836,1918,0,0,3836,1918,0.000390625,7444.580722604875,0.4224689196306936,0.4224689196306936,0.4224689196306936,False,-0.41271428842194746,0.000390625,True
trial,188,188,187,925.9841619518447,925.9841619518447,925.388988944334,925.388988944334,3836,1918,0,0,3836,1918,725004,362502,4447900.0,4447900.0,2319.0302398331596,False,True,3836,1918,0,0,3836,1918,0.00078125,777.5565887419999,-1.8058073961211174,-1.8058073961211174,-1.8058073961211174,False,-0.32958830979937315,0.00078125,False
trial,189,189,189,925.3572682290949,925.3572682290949,925.3572682290949,925.3572682290949,3836,1918,0,0,3836,1918,728840,364420,4447900.0,4447900.0,2319.0302398331596,False,True,3836,1918,0,0,3836,1918,0.000390625,777.5565887419999,0.12419413646081581,0.12419413646081581,0.12419413646081581,False,-0.2554123418628333,0.000390625,True
trial,190,190,189,926.3188440552678,926.3188440552678,925.3572682290949,925.3572682290949,3836,1918,0,0,3836,1918,732676,366338,4447900.0,4447900.0,2319.0302398331596,False,True,3836,1918,0,0,3836,1918,0.00078125,801.4012038670496,-2.1062352244059763,-2.1062352244059763,-2.1062352244059763,False,-0.45653771954372735,0.00078125,False
trial,191,191,191,923.1610100130257,923.1610100130257,923.1610100130257,923.1610100130257,3836,1918,0,0,3836,1918,736512,368256,4480670.0,4480670.0,2336.1157455683,False,True,3836,1918,0,0,3836,1918,0.000390625,8233.595393356798,0.2984050126253782,0.2984050126253782,0.2984050126253782,False,-0.48744656606419184,0.000390625,True
trial,192,192,191,923.7365008638888,923.7365008638888,923.1610100130257,923.1610100130257,3836,1918,0,0,3836,1918,740348,370174,4480670.0,4480670.0,2336.1157455683,False,True,3836,1918,0,0,3836,1918,0.00078125,1121.6686537801363,-1.540309294547323,-1.540309294547323,-1.540309294547323,False,-0.37362031956846514,0.00078125,False
trial,193,193,193,923.0560443106656,923.0560443106656,923.0560443106656,923.0560443106656,3836,1918,0,0,3836,1918,744184,372092,4480670.0,4480670.0,2336.1157455683,False,True,3836,1918,0,0,3836,1918,0.000390625,1121.6686537801363,0.3232382569725744,0.3232382569725744,0.3232382569725744,False,-0.3247316804119026,0.000390625,True
trial,194,194,193,924.614148531398,924.614148531398,923.0560443106656,923.0560443106656,3836,1918,0,0,3836,1918,748020,374010,4480670.0,4480670.0,2336.1157455683,False,True,3836,1918,0,0,3836,1918,0.00078125,828.2443258415183,-4.3150263511022064,-4.3150263511022064,-4.3150263511022064,False,-0.3610879966780262,0.00078125,False
trial,195,195,193,923.0661182517201,923.0661182517201,923.0560443106656,923.0560443106656,3836,1918,0,0,3836,1918,751856,375928,4480670.0,4480670.0,2336.1157455683,False,True,3836,1918,0,0,3836,1918,0.000390625,828.2443258415183,-0.04089118662688061,-0.04089118662688061,-0.04089118662688061,False,-0.2463597142940493,0.000390625,False
trial,196,196,196,918.9899018780254,918.9899018780254,918.9899018780254,918.9899018780254,3836,1918,0,0,3836,1918,755692,377846,4611745.0,4611745.0,2404.4551616266945,False,True,3836,1918,0,0,3836,1918,0.0001953125,20393.04543448968,0.9133383328735003,0.9133383328735003,0.9133383328735003,False,-0.8311249413951897,0.0001953125,True
trial,197,197,197,918.9008724093487,918.9008724093487,918.9008724093487,918.9008724093487,3836,1918,0,0,3836,1918,759528,379764,4611745.0,4611745.0,2404.4551616266945,False,True,3836,1918,0,0,3836,1918,0.000390625,624.3387125077746,0.47075786092415556,0.47075786092415556,0.47075786092415556,False,-0.1891194519873199,0.000390625,True
trial,198,198,197,919.4937770800855,919.4937770800855,918.9008724093487,918.9008724093487,3836,1918,0,0,3836,1918,763364,381682,4611745.0,4611745.0,2404.4551616266945,False,True,3836,1918,0,0,3836,1918,0.00078125,2020.975279972339,-3.599930733194063,-3.599930733194063,-3.599930733194063,False,-0.1646989108067323,0.00078125,False
trial,199,199,197,918.9433907225103,918.9433907225103,918.9008724093487,918.9008724093487,3836,1918,0,0,3836,1918,767200,383600,4611745.0,4611745.0,2404.4551616266945,False,True,3836,1918,0,0,3836,1918,0.000390625,2020.975279972339,-0.31480021900835187,-0.31480021900835187,-0.31480021900835187,False,-0.1350644332318403,0.000390625,False
trial,200,200,200,918.8324933957458,918.8324933957458,918.8324933957458,918.8324933957458,3836,1918,0,0,3836,1918,771036,385518,4611745.0,4611745.0,2404.4551616266945,False,True,3836,1918,0,0,3836,1918,0.0001953125,2020.975279972339,0.6159936820130866,0.6159936820130866,0.6159936820130866,False,-0.1110060307427873,0.0001953125,True
trial,201,201,201,915.749779743938,915.749779743938,915.749779743938,915.749779743938,3836,1918,0,0,3836,1918,774872,387436,4644515.0,4644515.0,2421.5406673618354,False,True,3836,1918,0,0,3836,1918,0.000390625,11752.830643936213,0.6885869452079048,0.6885869452079048,0.6885869452079048,False,-0.41134502486527225,0.000390625,True
trial,202,202,201,915.9817962750374,915.9817962750374,915.749779743938,915.749779743938,3836,1918,0,0,3836,1918,778708,389354,4644515.0,4644515.0,2421.5406673618354,False,True,3836,1918,0,0,3836,1918,0.00078125,1400.7181326398086,-1.395020986755492,-1.395020986755492,-1.395020986755492,False,-0.1663175918514175,0.00078125,False
trial,203,203,203,915.6570498383592,915.6570498383592,915.6570498383592,915.6570498383592,3836,1918,0,0,3836,1918,782544,391272,4644515.0,4644515.0,2421.5406673618354,False,True,3836,1918,0,0,3836,1918,0.000390625,1400.7181326398086,0.66616741833293,0.66616741833293,0.66616741833293,False,-0.13919910074691128,0.000390625,True
trial,204,204,203,916.0222646655191,916.0222646655191,915.6570498383592,915.6570498383592,3836,1918,0,0,3836,1918,786380,393190,4644515.0,4644515.0,2421.5406673618354,False,True,3836,1918,0,0,3836,1918,0.00078125,889.8674913606254,-6.054723835546232,-6.054723835546232,-6.054723835546232,False,-0.060318990110791865,0.0007806622205809406,False
trial,205,205,203,915.6602935778963,915.6602935778963,915.6570498383592,915.6570498383592,3836,1918,0,0,3836,1918,790216,395108,4644515.0,4644515.0,2421.5406673618354,False,True,3836,1918,0,0,3836,1918,0.000390625,889.8674913606254,-0.06906094247996007,-0.06906094247996007,-0.06906094247996007,False,-0.04696923355809569,0.000390625,False
trial,206,206,206,910.5236860618543,910.5236860618543,910.5236860618543,910.5236860618543,3836,1918,0,0,3836,1918,794052,397026,4775590.0,4775590.0,2489.8800834202293,False,True,3836,1918,0,0,3836,1918,0.0001953125,15015.85342195235,0.9462717216700155,0.9462717216700155,0.9462717216700155,False,-0.8653003486762779,0.0001953125,True
trial,207,207,206,910.6075939295707,910.6075939295707,910.5236860618543,910.5236860618543,3836,1918,0,0,3836,1918,797888,398944,4775590.0,4775590.0,2489.8800834202293,False,True,3836,1918,0,0,3836,1918,0.000390625,700.6441063871729,-0.3229795981982657,-0.3229795981982657,-0.3229795981982657,False,-0.25979308967045006,0.000390625,False
trial,208,208,208,910.4279790471085,910.4279790471085,910.4279790471085,910.4279790471085,3836,1918,0,0,3836,1918,801724,400862,4775590.0,4775590.0,2489.8800834202293,False,True,3836,1918,0,0,3836,1918,0.0001953125,700.6441063871729,0.5400982996180774,0.5400982996180774,0.5400982996180774,False,-0.1772029551166711,0.0001953125,True
trial,209,209,208,910.4462155336888,910.4462155336888,910.4279790471085,910.4279790471085,3836,1918,0,0,3836,1918,805560,402780,4775590.0,4775590.0,2489.8800834202293,False,True,3836,1918,0,0,3836,1918,0.000390625,627.6014870983697,-0.09380060853705202,-0.09380060853705202,-0.09380060853705202,False,-0.19441757217540545,0.000390625,False
trial,210,210,210,910.3385663689286,910.3385663689286,910.3385663689286,910.3385663689286,3836,1918,0,0,3836,1918,809396,404698,4775590.0,4775590.0,2489.8800834202293,False,True,3836,1918,0,0,3836,1918,0.0001953125,627.6014870983697,0.6123387581082973,0.6123387581082973,0.6123387581082973,False,-0.14601832236800827,0.0001953125,True
trial,211,211,210,909.5746223433198,909.5746223433198,909.4995121898015,909.4995121898015,3836,1918,0,0,3836,1918,813232,406616,4808360.0,4808360.0,2506.9655891553703,False,True,3836,1918,0,0,3836,1918,0.000390625,5331.1196821202375,-0.2574106142248892,-0.2574106142248892,-0.2574106142248892,False,-0.2917912058305657,0.000390625,False
trial,212,212,212,909.3247186305972,909.3247186305972,909.3247186305972,909.3247186305972,3836,1918,0,0,3836,1918,817068,408534,4808360.0,4808360.0,2506.9655891553703,False,True,3836,1918,0,0,3836,1918,0.0001953125,5331.1196821202375,0.7037810149561875,0.7037810149561875,0.7037810149561875,False,-0.24836356123530717,0.0001953125,True
trial,213,213,212,909.4435004054686,909.4435004054686,909.3247186305972,909.3247186305972,3836,1918,0,0,3836,1918,820904,410452,4808360.0,4808360.0,2506.9655891553703,False,True,3836,1918,0,0,3836,1918,0.000390625,530.8095508407039,-0.8598103531475896,-0.8598103531475896,-0.8598103531475896,False,-0.1381488073929171,0.000390625,False
trial,214,214,214,909.2956722567893,909.2956722567893,909.2956722567893,909.2956722567893,3836,1918,0,0,3836,1918,824740,412370,4808360.0,4808360.0,2506.9655891553703,False,True,3836,1918,0,0,3836,1918,0.0001953125,530.8095508407039,0.2922704580548171,0.2922704580548171,0.2922704580548171,False,-0.09938183284483432,0.0001953125,True
trial,215,215,214,909.6275983838589,909.6275983838589,909.2956722567893,909.2956722567893,3836,1918,0,0,3836,1918,828576,414288,4808360.0,4808360.0,2506.9655891553703,False,True,3836,1918,0,0,3836,1918,0.000390625,382.0762979003026,-2.9239831557283478,-2.9239831557283478,-2.9239831557283478,False,-0.1135184812604947,0.000390625,False
trial,216,216,216,910.4414754526997,910.4414754526997,910.4414754526997,910.4414754526997,3836,1918,0,0,3836,1918,832412,416206,4836000.0,4836000.0,2521.376433785193,False,True,3836,1918,0,0,3836,1918,0.0001953125,11812.747278132027,0.7631816690828387,0.7631816690828387,0.7631816690828387,False,-0.34985724605250257,0.0001953125,True
trial,217,217,216,910.5230743150954,910.5230743150954,910.4414754526997,910.4414754526997,3836,1918,0,0,3836,1918,836248,418124,4836000.0,4836000.0,2521.376433785193,False,True,3836,1918,0,0,3836,1918,0.000390625,692.2689194041701,-0.6183595560614962,-0.6183595560614962,-0.6183595560614962,False,-0.13196021893060741,0.000390625,False
trial,218,218,218,910.3924518874651,910.3924518874651,910.3924518874651,910.3924518874651,3836,1918,0,0,3836,1918,840084,420042,4836000.0,4836000.0,2521.376433785193,False,True,3836,1918,0,0,3836,1918,0.0001953125,692.2689194041701,0.535353578717683,0.535353578717683,0.535353578717683,False,-0.09157231254910964,0.0001953125,True
trial,219,219,218,910.6339653490644,910.6339653490644,910.3924518874651,910.3924518874651,3836,1918,0,0,3836,1918,843920,421960,4836000.0,4836000.0,2521.376433785193,False,True,3836,1918,0,0,3836,1918,0.000390625,366.6594252304074,-3.1582151471758615,-3.1582151471758615,-3.1582151471758615,False,-0.07647150379076524,0.000390625,False
trial,220,220,218,910.4002862084097,910.4002862084097,910.3924518874651,910.3924518874651,3836,1918,0,0,3836,1918,847756,423878,4836000.0,4836000.0,2521.376433785193,False,True,3836,1918,0,0,3836,1918,0.0001953125,366.6594252304074,-0.17592382844207002,-0.17592382844207002,-0.17592382844207002,False,-0.044532460520166184,0.0001953125,False
trial,221,221,221,910.3775678880206,910.3775678880206,910.3775678880206,910.3775678880206,3836,1918,0,0,3836,1918,851592,425796,4836000.0,4836000.0,2521.376433785193,False,True,3836,1918,0,0,3836,1918,9.765625e-05,366.6594252304074,0.58026801507739,0.58026801507739,0.58026801507739,False,-0.025650215172516807,9.765625e-05,True
trial,222,222,221,910.4113589741817,910.4113589741817,910.3775678880206,910.3775678880206,3836,1918,0,0,3836,1918,855428,427714,4836000.0,4836000.0,2521.376433785193,False,True,3836,1918,0,0,3836,1918,0.0001953125,157.21144978945088,-2.476668433966919,-2.476668433966919,-2.476668433966919,False,-0.013643766641351179,0.0001953125,False
trial,223,223,221,910.3817129476894,910.3817129476894,910.3775678880206,910.3775678880206,3836,1918,0,0,3836,1918,859264,429632,4836000.0,4836000.0,2521.376433785193,False,True,3836,1918,0,0,3836,1918,9.765625e-05,157.21144978945088,-0.4879437024916716,-0.4879437024916716,-0.4879437024916716,False,-0.008494954740867817,9.765625e-05,False
trial,224,224,224,910.3759957131515,910.3759957131515,910.3759957131515,910.3759957131515,3836,1918,0,0,3836,1918,863100,431550,4836000.0,4836000.0,2521.376433785193,False,True,3836,1918,0,0,3836,1918,4.8828125e-05,157.21144978945088,0.324178411423393,0.324178411423393,0.324178411423393,False,-0.004849721060146498,4.8828125e-05,True
trial,225,225,224,910.3821042504223,910.3821042504223,910.3759957131515,910.3759957131515,3836,1918,0,0,3836,1918,866936,433468,4836000.0,4836000.0,2521.376433785193,False,True,3836,1918,0,0,3836,1918,9.765625e-05,52.16744609182847,-0.6009009840778189,-0.6009009840778189,-0.6009009840778189,False,-0.010165630332961001,9.765625e-05,False
trial,226,226,226,910.3746841293498,910.3746841293498,910.3746841293498,910.3746841293498,3836,1918,0,0,3836,1918,870772,435386,4836000.0,4836000.0,2521.376433785193,False,True,3836,1918,0,0,3836,1918,4.8828125e-05,52.16744609182847,0.24402144300117307,0.24402144300117307,0.24402144300117307,False,-0.005374871099642939,4.8828125e-05,True
trial,227,227,226,910.3809605227827,910.3809605227827,910.3746841293498,910.3746841293498,3836,1918,0,0,3836,1918,874608,437304,4836000.0,4836000.0,2521.376433785193,False,True,3836,1918,0,0,3836,1918,9.765625e-05,65.42427493004067,-0.7815082600382641,-0.7815082600382641,-0.7815082600382641,False,-0.008031128721044545,9.765625e-05,False
trial,228,228,228,910.3738684616937,910.3738684616937,910.3738684616937,910.3738684616937,3836,1918,0,0,3836,1918,878444,439222,4836000.0,4836000.0,2521.376433785193,False,True,3836,1918,0,0,3836,1918,4.8828125e-05,65.42427493004067,0.17654742295473586,0.17654742295473586,0.17654742295473586,False,-0.004620105138999073,4.8828125e-05,True
trial,229,229,228,910.3801561055941,910.3801561055941,910.3738684616937,910.3738684616937,3836,1918,0,0,3836,1918,882280,441140,4836000.0,4836000.0,2521.376433785193,False,True,3836,1918,0,0,3836,1918,9.765625e-05,54.22940601154886,-0.6550722860657172,-0.6550722860657172,-0.6550722860657172,False,-0.00959839705342003,9.765625e-05,False
trial,230,230,230,910.3727776245119,910.3727776245119,910.3727776245119,910.3727776245119,3836,1918,0,0,3836,1918,886116,443058,4836000.0,4836000.0,2521.376433785193,False,True,3836,1918,0,0,3836,1918,4.8828125e-05,54.22940601154886,0.21625487576830976,0.21625487576830976,0.21625487576830976,False,-0.005044220057540337,4.8828125e-05,True
trial,231,231,230,910.3796424705963,910.3796424705963,910.3727776245119,910.3727776245119,3836,1918,0,0,3836,1918,889952,444976,4836000.0,4836000.0,2521.376433785193,False,True,3836,1918,0,0,3836,1918,9.765625e-05,62.62605345686759,-0.9137565494423817,-0.9137565494423817,-0.9137565494423817,False,-0.007512773603257363,9.765625e-05,False
trial,232,232,232,910.3724293289531,910.3724293289531,910.3724293289531,910.3724293289531,3836,1918,0,0,3836,1918,893788,446894,4836000.0,4836000.0,2521.376433785193,False,True,3836,1918,0,0,3836,1918,4.8828125e-05,62.62605345686759,0.08341452050547635,0.08341452050547635,0.08341452050547635,False,-0.0041754787612622146,4.8828125e-05,True
trial,233,233,232,910.3790020360409,910.3790020360409,910.3724293289531,910.3724293289531,3836,1918,0,0,3836,1918,897624,448812,4836000.0,4836000.0,2521.376433785193,False,True,3836,1918,0,0,3836,1918,9.765625e-05,53.47950116838139,-0.7054793456352896,-0.7054793456352896,-0.7054793456352896,False,-0.009316654170618648,9.765625e-05,False
trial,234,234,234,910.371485866194,910.371485866194,910.371485866194,910.371485866194,3836,1918,0,0,3836,1918,901460,450730,4836000.0,4836000.0,2521.376433785193,False,True,3836,1918,0,0,3836,1918,4.8828125e-05,53.47950116838139,0.19230050368586166,0.19230050368586166,0.19230050368586166,False,-0.004906189744762781,4.8828125e-05,True
trial,235,235,234,910.3785044144649,910.3785044144649,910.371485866194,910.371485866194,3836,1918,0,0,3836,1918,905296,452648,4836000.0,4836000.0,2521.376433785193,False,True,3836,1918,0,0,3836,1918,9.765625e-05,59.454186338686604,-0.9616327238972774,-0.9616327238972774,-0.9616327238972774,False,-0.007298574701670169,9.765625e-05,False
trial,236,236,236,910.3712072823737,910.3712072823737,910.3712072823737,910.3712072823737,3836,1918,0,0,3836,1918,909132,454566,4836000.0,4836000.0,2521.376433785193,False,True,3836,1918,0,0,3836,1918,4.8828125e-05,59.454186338686604,0.06873730559258594,0.06873730559258594,0.06873730559258594,False,-0.004052876642696603,4.8828125e-05,True
trial,237,237,236,910.3782333837023,910.3782333837023,910.3712072823737,910.3712072823737,3836,1918,0,0,3836,1918,912968,456484,4836000.0,4836000.0,2521.376433785193,False,True,3836,1918,0,0,3836,1918,9.765625e-05,53.24938560889394,-0.7869022732454171,-0.7869022732454171,-0.7869022732454171,False,-0.008928810562005625,9.765625e-05,False
trial,238,238,238,910.3704738711282,910.3704738711282,910.3704738711282,910.3704738711282,3836,1918,0,0,3836,1918,916804,458402,4836000.0,4836000.0,2521.376433785193,False,True,3836,1918,0,0,3836,1918,4.8828125e-05,53.24938560889394,0.15517445582313785,0.15517445582313785,0.15517445582313785,False,-0.0047263658288026296,4.8828125e-05,True
trial,239,239,238,910.3778467116821,910.3778467116821,910.3704738711282,910.3704738711282,3836,1918,0,0,3836,1918,920640,460320,4836000.0,4836000.0,2521.376433785193,False,True,3836,1918,0,0,3836,1918,9.765625e-05,64.92482782239563,-1.0054680636739477,-1.0054680636739477,-1.0054680636739477,False,-0.007332744639306116,9.765625e-05,False
trial,240,240,240,910.3702488334584,910.3702488334584,910.3702488334584,910.3702488334584,3836,1918,0,0,3836,1918,924476,462238,4836000.0,4836000.0,2521.376433785193,False,True,3836,1918,0,0,3836,1918,4.8828125e-05,64.92482782239563,0.0550815620957881,0.0550815620957881,0.0550815620957881,False,-0.0040855353630246845,4.8828125e-05,True
trial,241,241,240,910.3775327840623,910.3775327840623,910.3702488334584,910.3702488334584,3836,1918,0,0,3836,1918,928312,464156,4836000.0,4836000.0,2521.376433785193,False,True,3836,1918,0,0,3836,1918,9.765625e-05,52.1602974669352,-0.8385337013440375,-0.8385337013440375,-0.8385337013440375,False,-0.008686532923145161,9.765625e-05,False
trial,242,242,242,910.3696500037317,910.3696500037317,910.3696500037317,910.3696500037317,3836,1918,0,0,3836,1918,932148,466074,4836000.0,4836000.0,2521.376433785193,False,True,3836,1918,0,0,3836,1918,4.8828125e-05,52.1602974669352,0.1301850260488145,0.1301850260488145,0.1301850260488145,False,-0.0045998356709375425,4.8828125e-05,True
trial,243,243,242,910.3773622871474,910.3773622871474,910.3696500037317,910.3696500037317,3836,1918,0,0,3836,1918,935984,467992,4836000.0,4836000.0,2521.376433785193,False,True,3836,1918,0,0,3836,1918,9.765625e-05,60.71564543506077,-1.0744218811484367,-1.0744218811484367,-1.0744218811484367,False,-0.007178077393064388,9.765625e-05,False
trial,244,244,244,910.3695325164343,910.3695325164343,910.3695325164343,910.3695325164343,3836,1918,0,0,3836,1918,939820,469910,4836000.0,4836000.0,2521.376433785193,False,True,3836,1918,0,0,3836,1918,4.8828125e-05,60.71564543506077,0.029353915019152292,0.029353915019152292,0.029353915019152292,False,-0.004002440469677147,4.8828125e-05,True
trial,245,245,245,910.3682568718431,910.3682568718431,910.3682568718431,910.3682568718431,3836,1918,0,0,3836,1918,943656,471828,4836000.0,4836000.0,2521.376433785193,False,True,3836,1918,0,0,3836,1918,2.44140625e-05,51.955069976206,0.5384125770551363,0.5384125770551363,0.5384125770551363,False,-0.002369269674637315,2.44140625e-05,True
trial,246,246,246,910.368199306639,910.368199306639,910.368199306639,910.368199306639,3836,1918,0,0,3836,1918,947492,473746,4836000.0,4836000.0,2521.376433785193,False,True,3836,1918,0,0,3836,1918,4.8828125e-05,22.9762233347124,0.03583722835021491,0.03583722835021491,0.03583722835021491,False,-0.001606296210337516,4.8828125e-05,True
trial,247,247,247,910.3674697669105,910.3674697669105,910.3674697669105,910.3674697669105,3836,1918,0,0,3836,1918,951328,475664,4836000.0,4836000.0,2521.376433785193,False,True,3836,1918,0,0,3836,1918,2.44140625e-05,35.37465810937828,0.5340513210826989,0.5340513210826989,0.5340513210826989,False,-0.001366047980162056,2.44140625e-05,True
trial,248,248,247,910.3682821470036,910.3682821470036,910.3674697669105,910.3674697669105,3836,1918,0,0,3836,1918,955164,477582,4836000.0,4836000.0,2521.376433785193,False,True,3836,1918,0,0,3836,1918,4.8828125e-05,15.811578387374997,-0.7397465130328893,-0.7397465130328893,-0.7397465130328893,False,-0.0010981871205252287,4.8828125e-05,False
trial,249,249,249,910.3674216594666,910.3674216594666,910.3674216594666,910.3674216594666,3836,1918,0,0,3836,1918,959000,479500,4836000.0,4836000.0,2521.376433785193,False,True,3836,1918,0,0,3836,1918,2.44140625e-05,15.811578387374997,0.07853739777380006,0.07853739777380006,0.07853739777380006,False,-0.000612541862966446,2.44140625e-05,True
trial,250,250,249,910.3683997809719,910.3683997809719,910.3674216594666,910.3674216594666,3836,1918,0,0,3836,1918,962836,481418,4836000.0,4836000.0,2521.376433785193,False,True,3836,1918,0,0,3836,1918,4.8828125e-05,17.364084715364946,-0.8194642636042279,-0.8194642636042279,-0.8194642636042279,False,-0.0011936109343423683,4.8828125e-05,False
trial,251,251,251,910.367340140167,910.367340140167,910.367340140167,910.367340140167,3836,1918,0,0,3836,1918,966672,483336,4836000.0,4836000.0,2521.376433785193,False,True,3836,1918,0,0,3836,1918,2.44140625e-05,17.364084715364946,0.11600926796979373,0.11600926796979373,0.11600926796979373,False,-0.0007026964395400446,2.44140625e-05,True
trial,252,252,251,910.3682701556222,910.3682701556222,910.367340140167,910.367340140167,3836,1918,0,0,3836,1918,970508,485254,4836000.0,4836000.0,2521.376433785193,False,True,3836,1918,0,0,3836,1918,4.8828125e-05,17.50724975909938,-0.7724665344262123,-0.7724665344262123,-0.7724665344262123,False,-0.0012039556585935057,4.8828125e-05,False
trial,253,253,253,910.3672963539209,910.3672963539209,910.3672963539209,910.3672963539209,3836,1918,0,0,3836,1918,974344,487172,4836000.0,4836000.0,2521.376433785193,False,True,3836,1918,0,0,3836,1918,2.44140625e-05,17.50724975909938,0.06240695759894332,0.06240695759894332,0.06240695759894332,False,-0.0007016244311314027,2.44140625e-05,True
trial,254,254,253,910.3682889836699,910.3682889836699,910.3672963539209,910.3672963539209,3836,1918,0,0,3836,1918,978180,489090,4836000.0,4836000.0,2521.376433785193,False,True,3836,1918,0,0,3836,1918,4.8828125e-05,19.428817128219297,-0.8429123191476419,-0.8429123191476419,-0.8429123191476419,False,-0.001177619221444987,4.8828125e-05,False
trial,255,255,255,910.3672811297848,910.3672811297848,910.3672811297848,910.3672811297848,3836,1918,0,0,3836,1918,982016,491008,4836000.0,4836000.0,2521.376433785193,False,True,3836,1918,0,0,3836,1918,2.44140625e-05,19.428817128219297,0.020832159838210556,0.020832159838210556,0.020832159838210556,False,-0.0007307996953769035,2.44140625e-05,True
trial,256,256,256,910.3670114583642,910.3670114583642,910.3670114583642,910.3670114583642,3836,1918,0,0,3836,1918,985852,492926,4836000.0,4836000.0,2521.376433785193,False,True,3836,1918,0,0,3836,1918,1.220703125e-05,22.271779010499678,0.5656342362850658,0.5656342362850658,0.5656342362850658,False,-0.0004767593672686446,1.220703125e-05,True
trial,257,257,256,910.3670192311367,910.3670192311367,910.3670114583642,910.3670114583642,3836,1918,0,0,3836,1918,989688,494844,4836000.0,4836000.0,2521.376433785193,False,True,3836,1918,0,0,3836,1918,2.44140625e-05,5.7452410058824235,-0.054572076631459916,-0.054572076631459916,-0.054572076631459916,False,-0.0001424313125946016,2.44140625e-05,False
trial,258,258,258,910.3669762012178,910.3669762012178,910.3669762012178,910.3669762012178,3836,1918,0,0,3836,1918,993524,496762,4836000.0,4836000.0,2521.376433785193,False,True,3836,1918,0,0,3836,1918,1.220703125e-05,5.7452410058824235,0.4371052001744646,0.4371052001744646,0.4371052001744646,False,-8.066055139701162e-05,1.220703125e-05,True
trial,259,259,258,910.3672890283949,910.3672890283949,910.3669762012178,910.3669762012178,3836,1918,0,0,3836,1918,997360,498680,4836000.0,4836000.0,2521.376433785193,False,True,3836,1918,0,0,3836,1918,2.44140625e-05,4.421447410588624,-2.0741921484044346,-2.0741921484044346,-2.0741921484044346,False,-0.00015081880306067505,2.44140625e-05,False
trial,260,260,258,910.3670161623984,910.3670161623984,910.3669762012178,910.3669762012178,3836,1918,0,0,3836,1918,1001196,500598,4836000.0,4836000.0,2521.376433785193,False,True,3836,1918,0,0,3836,1918,1.220703125e-05,4.421447410588624,-0.47615699740315803,-0.47615699740315803,-0.47615699740315803,False,-8.392437964098672e-05,1.220703125e-05,False
trial,261,261,261,910.3669670543679,910.3669670543679,910.3669670543679,910.3669670543679,3836,1918,0,0,3836,1918,1005032,502516,4836000.0,4836000.0,2521.376433785193,False,True,3836,1918,0,0,3836,1918,6.103515625e-06,4.421447410588624,0.19464484096463702,0.19464484096463702,0.19464484096463702,False,-4.6992511019894843e-05,6.103515625e-06,True
trial,262,262,261,910.3670003653488,910.3670003653488,910.3669670543679,910.3669670543679,3836,1918,0,0,3836,1918,1008868,504434,4836000.0,4836000.0,2521.376433785193,False,True,3836,1918,0,0,3836,1918,1.220703125e-05,5.493036382974232,-0.33860054817627594,-0.33860054817627594,-0.33860054817627594,False,-9.837840193903411e-05,1.220703125e-05,False
trial,263,263,263,910.3669558685888,910.3669558685888,910.3669558685888,910.3669558685888,3836,1918,0,0,3836,1918,1012704,506352,4836000.0,4836000.0,2521.376433785193,False,True,3836,1918,0,0,3836,1918,6.103515625e-06,5.493036382974232,0.19341937490728653,0.19341937490728653,0.19341937490728653,False,-5.7831740813981606e-05,6.103515625e-06,True
trial,264,264,263,910.367023717241,910.367023717241,910.3669558685888,910.3669558685888,3836,1918,0,0,3836,1918,1016540,508270,4836000.0,4836000.0,2521.376433785193,False,True,3836,1918,0,0,3836,1918,1.220703125e-05,5.859243068356596,-0.8977325651644407,-0.8977325651644407,-0.8977325651644407,False,-7.557779990615408e-05,1.220703125e-05,False
trial,265,265,265,910.3669544640827,910.3669544640827,910.3669544640827,910.3669544640827,3836,1918,0,0,3836,1918,1020376,510188,4836000.0,4836000.0,2521.376433785193,False,True,3836,1918,0,0,3836,1918,6.103515625e-06,5.859243068356596,0.02743243886205676,0.02743243886205676,0.02743243886205676,False,-5.119873126448673e-05,6.103515625e-06,True
trial,266,266,266,910.3669314825834,910.3669314825834,910.3669314825834,910.3669314825834,3836,1918,0,0,3836,1918,1024212,512106,4836000.0,4836000.0,2521.376433785193,False,True,3836,1918,0,0,3836,1918,3.0517578125e-06,7.885034290847618,0.6221190384234356,0.6221190384234356,0.6221190384234356,False,-3.694067842708525e-05,3.0517578125e-06,True
trial,267,267,266,910.3669469259042,910.3669469259042,910.3669314825834,910.3669314825834,3836,1918,0,0,3836,1918,1028048,514024,4836000.0,4836000.0,2521.376433785193,False,True,3836,1918,0,0,3836,1918,6.103515625e-06,1.8571271424841533,-0.6999779532137664,-0.6999779532137664,-0.6999779532137664,False,-2.2062581836221262e-05,6.103515625e-06,False
trial,268,268,266,910.3669315206103,910.3669315206103,910.3669314825834,910.3669314825834,3836,1918,0,0,3836,1918,1031884,515942,4836000.0,4836000.0,2521.376433785193,False,True,3836,1918,0,0,3836,1918,3.0517578125e-06,1.8571271424841533,-0.003158019303400847,-0.003158019303400847,-0.003158019303400847,False,-1.2041371290820496e-05,3.0517578125e-06,False
trial,269,269,269,910.3669284306033,910.3669284306033,910.3669284306033,910.3669284306033,3836,1918,0,0,3836,1918,1035720,517860,4836000.0,4836000.0,2521.376433785193,False,True,3836,1918,0,0,3836,1918,1.52587890625e-06,1.8571271424841533,0.4632007768692546,0.4632007768692546,0.4632007768692546,False,-6.58889248064441e-06,1.52587890625e-06,True
trial,270,270,269,910.3669285889,910.3669285889,910.3669284306033,910.3669284306033,3836,1918,0,0,3836,1918,1039556,519778,4836000.0,4836000.0,2521.376433785193,False,True,3836,1918,0,0,3836,1918,3.0517578125e-06,2.1858676896532385,-0.01318100774408805,-0.01318100774408805,-0.01318100774408805,False,-1.2009457858539946e-05,3.0517578125e-06,False
trial,271,271,271,910.3669253338581,910.3669253338581,910.3669253338581,910.3669253338581,3836,1918,0,0,3836,1918,1043392,521696,4836000.0,4836000.0,2521.376433785193,False,True,3836,1918,0,0,3836,1918,1.52587890625e-06,2.1858676896532385,0.47828506321404796,0.47828506321404796,0.47828506321404796,False,-6.474684956902654e-06,1.52587890625e-06,True
trial,272,272,271,910.3669277550016,910.3669277550016,910.3669253338581,910.3669253338581,3836,1918,0,0,3836,1918,1047228,523614,4836000.0,4836000.0,2521.376433785193,False,True,3836,1918,0,0,3836,1918,3.0517578125e-06,1.303628304939465,-0.2612528342205777,-0.2612528342205777,-0.2612528342205777,False,-9.267434194564534e-06,3.0517578125e-06,False
trial,273,273,273,910.3669237211395,910.3669237211395,910.3669237211395,910.3669237211395,3836,1918,0,0,3836,1918,1051064,525532,4836000.0,4836000.0,2521.376433785193,False,True,3836,1918,0,0,3836,1918,1.52587890625e-06,1.303628304939465,0.3263092486125318,0.3263092486125318,0.3263092486125318,False,-4.942301288848875e-06,1.52587890625e-06,True
trial,274,274,273,910.3669266563802,910.3669266563802,910.3669237211395,910.3669237211395,3836,1918,0,0,3836,1918,1054900,527450,4836000.0,4836000.0,2521.376433785193,False,True,3836,1918,0,0,3836,1918,3.0517578125e-06,1.9179831997874885,-0.24814450220365902,-0.24814450220365902,-0.24814450220365902,False,-1.1828755610842302e-05,3.0517578125e-06,False
trial,275,275,275,910.3669214031501,910.3669214031501,910.3669214031501,910.3669214031501,3836,1918,0,0,3836,1918,1058736,529368,4836000.0,4836000.0,2521.376433785193,False,True,3836,1918,0,0,3836,1918,1.52587890625e-06,1.9179831997874885,0.3734408814858158,0.3734408814858158,0.3734408814858158,False,-6.207112248877712e-06,1.52587890625e-06,True
trial,276,276,275,910.3669258973138,910.3669258973138,910.3669214031501,910.3669214031501,3836,1918,0,0,3836,1918,1062572,531286,4836000.0,4836000.0,2521.376433785193,False,True,3836,1918,0,0,3836,1918,3.0517578125e-06,1.2894789282328663,-0.4781310397092055,-0.4781310397092055,-0.4781310397092055,False,-9.399439339949989e-06,3.0517578125e-06,False
trial,277,277,277,910.36692032988,910.36692032988,910.36692032988,910.36692032988,3836,1918,0,0,3836,1918,1066408,533204,4836000.0,4836000.0,2521.376433785193,False,True,3836,1918,0,0,3836,1918,1.52587890625e-06,1.2894789282328663,0.21738640944652765,0.21738640944652765,0.21738640944652765,False,-4.93715329422398e-06,1.52587890625e-06,True
trial,278,278,277,910.3669233725639,910.3669233725639,910.36692032988,910.36692032988,3836,1918,0,0,3836,1918,1070244,535122,4836000.0,4836000.0,2521.376433785193,False,True,3836,1918,0,0,3836,1918,3.0517578125e-06,2.094972935842878,-0.26085622237275935,-0.26085622237275935,-0.26085622237275935,False,-1.1664217942201126e-05,3.0517578125e-06,False
trial,279,279,279,910.3669180722561,910.3669180722561,910.3669180722561,910.3669180722561,3836,1918,0,0,3836,1918,1074080,537040,4836000.0,4836000.0,2521.376433785193,False,True,3836,1918,0,0,3836,1918,1.52587890625e-06,2.094972935842878,0.3696784940746718,0.3696784940746718,0.3696784940746718,False,-6.1069928467789525e-06,1.52587890625e-06,True
trial,280,280,279,910.3669225913006,910.3669225913006,910.3669180722561,910.3669180722561,3836,1918,0,0,3836,1918,1077916,538958,4836000.0,4836000.0,2521.376433785193,False,True,3836,1918,0,0,3836,1918,3.0517578125e-06,1.2389072713814684,-0.4903166640078407,-0.4903166640078407,-0.4903166640078407,False,-9.21658359831792e-06,3.0517578125e-06,False
trial,281,281,281,910.3669169927628,910.3669169927628,910.3669169927628,910.3669169927628,3836,1918,0,0,3836,1918,1081752,540876,4836000.0,4836000.0,2521.376433785193,False,True,3836,1918,0,0,3836,1918,1.52587890625e-06,1.2389072713814684,0.22186560251455278,0.22186560251455278,0.22186560251455278,False,-4.865528258853731e-06,1.52587890625e-06,True
trial,282,282,281,910.3669203033004,910.3669203033004,910.3669169927628,910.3669169927628,3836,1918,0,0,3836,1918,1085588,542794,4836000.0,4836000.0,2521.376433785193,False,True,3836,1918,0,0,3836,1918,3.0517578125e-06,1.8310002771880767,-0.29092502977623824,-0.29092502977623824,-0.29092502977623824,False,-1.137934965091063e-05,3.0517578125e-06,False
trial,283,283,283,910.3669148653994,910.3669148653994,910.3669148653994,910.3669148653994,3836,1918,0,0,3836,1918,1089424,544712,4836000.0,4836000.0,2521.376433785193,False,True,3836,1918,0,0,3836,1918,1.52587890625e-06,1.8310002771880767,0.35695887042396485,0.35695887042396485,0.35695887042396485,False,-5.9596876153359455e-06,1.52587890625e-06,True
trial,284,284,283,910.3669194618803,910.3669194618803,910.3669148653994,910.3669148653994,3836,1918,0,0,3836,1918,1093260,546630,4836000.0,4836000.0,2521.376433785193,False,True,3836,1918,0,0,3836,1918,3.0517578125e-06,1.2653550629720558,-0.49983620128746026,-0.49983620128746026,-0.49983620128746026,False,-9.195974475056423e-06,3.0517578125e-06,False
trial,285,285,285,910.3669138285395,910.3669138285395,910.3669138285395,910.3669138285395,3836,1918,0,0,3836,1918,1097096,548548,4836000.0,4836000.0,2521.376433785193,False,True,3836,1918,0,0,3836,1918,1.52587890625e-06,1.2653550629720558,0.2130419272884513,0.2130419272884513,0.2130419272884513,False,-4.8669287696500525e-06,1.52587890625e-06,True
trial,286,286,285,910.3669173142066,910.3669173142066,910.3669138285395,910.3669138285395,3836,1918,0,0,3836,1918,1100932,550466,4836000.0,4836000.0,2521.376433785193,False,True,3836,1918,0,0,3836,1918,3.0517578125e-06,1.821389342081454,-0.31107327829315184,-0.31107327829315184,-0.31107327829315184,False,-1.1205292568855758e-05,3.0517578125e-06,False
trial,287,287,287,910.3669117605511,910.3669117605511,910.3669117605511,910.3669117605511,3836,1918,0,0,3836,1918,1104768,552384,4836000.0,4836000.0,2521.376433785193,False,True,3836,1918,0,0,3836,1918,1.52587890625e-06,1.821389342081454,0.3502426215926414,0.3502426215926414,0.3502426215926414,False,-5.90444518854717e-06,1.52587890625e-06,True
trial,288,288,287,910.3669164272885,910.3669164272885,910.3669117605511,910.3669117605511,3836,1918,0,0,3836,1918,1108604,554302,4836000.0,4836000.0,2521.376433785193,False,True,3836,1918,0,0,3836,1918,3.0517578125e-06,1.2241829226159031,-0.515859184773868,-0.515859184773868,-0.515859184773868,False,-9.046533445252582e-06,3.0517578125e-06,False
trial,289,289,289,910.3669107770463,910.3669107770463,910.3669107770463,910.3669107770463,3836,1918,0,0,3836,1918,1112440,556220,4836000.0,4836000.0,2521.376433785193,False,True,3836,1918,0,0,3836,1918,1.52587890625e-06,1.2241829226159031,0.20419764312866678,0.20419764312866678,0.20419764312866678,False,-4.8164357730122526e-06,1.52587890625e-06,True
trial,290,290,289,910.3669142949245,910.3669142949245,910.3669107770463,910.3669107770463,3836,1918,0,0,3836,1918,1116276,558138,4836000.0,4836000.0,2521.376433785193,False,True,3836,1918,0,0,3836,1918,3.0517578125e-06,1.835572902787613,-0.3150734139409084,-0.3150734139409084,-0.3150734139409084,False,-1.1165265163861042e-05,3.0517578125e-06,False
trial,291,291,291,910.3669087958574,910.3669087958574,910.3669087958574,910.3669087958574,3836,1918,0,0,3836,1918,1120112,560056,4836000.0,4836000.0,2521.376433785193,False,True,3836,1918,0,0,3836,1918,1.52587890625e-06,1.835572902787613,0.34097087310949964,0.34097087310949964,0.34097087310949964,False,-5.810434474845819e-06,1.52587890625e-06,True
trial,292,292,291,910.366913552884,910.366913552884,910.3669087958574,910.3669087958574,3836,1918,0,0,3836,1918,1123948,561974,4836000.0,4836000.0,2521.376433785193,False,True,3836,1918,0,0,3836,1918,3.0517578125e-06,1.3223861657659066,-0.5295053264446808,-0.5295053264446808,-0.5295053264446808,False,-8.983906879770202e-06,3.0517578125e-06,False
trial,293,293,293,910.3669078584385,910.3669078584385,910.3669078584385,910.3669078584385,3836,1918,0,0,3836,1918,1127784,563892,4836000.0,4836000.0,2521.376433785193,False,True,3836,1918,0,0,3836,1918,1.52587890625e-06,1.3223861657659066,0.19740033904284698,0.19740033904284698,0.19740033904284698,False,-4.7488212135136695e-06,1.52587890625e-06,True
trial,294,294,293,910.3669115311081,910.3669115311081,910.3669078584385,910.3669078584385,3836,1918,0,0,3836,1918,1131620,565810,4836000.0,4836000.0,2521.376433785193,False,True,3836,1918,0,0,3836,1918,3.0517578125e-06,1.7927722635823724,-0.33381256791708974,-0.33381256791708974,-0.33381256791708974,False,-1.1002191099088972e-05,3.0517578125e-06,False
trial,295,295,295,910.3669059214551,910.3669059214551,910.3669059214551,910.3669059214551,3836,1918,0,0,3836,1918,1135456,567728,4836000.0,4836000.0,2521.376433785193,False,True,3836,1918,0,0,3836,1918,1.52587890625e-06,1.7927722635823724,0.33609315628992936,0.33609315628992936,0.33609315628992936,False,-5.763233628983695e-06,1.52587890625e-06,True
trial,296,296,295,910.3669107265689,910.3669107265689,910.3669059214551,910.3669059214551,3836,1918,0,0,3836,1918,1139292,569646,4836000.0,4836000.0,2521.376433785193,False,True,3836,1918,0,0,3836,1918,3.0517578125e-06,1.2055191151848477,-0.5389421911285741,-0.5389421911285741,-0.5389421911285741,False,-8.915824151155536e-06,3.0517578125e-06,False
trial,297,297,297,910.3669050229589,910.3669050229589,910.3669050229589,910.3669050229589,3836,1918,0,0,3836,1918,1143128,571564,4836000.0,4836000.0,2521.376433785193,False,True,3836,1918,0,0,3836,1918,1.52587890625e-06,1.2055191151848477,0.19061599834871998,0.19061599834871998,0.19061599834871998,False,-4.713645182607632e-06,1.52587890625e-06,True
trial,298,298,297,910.3669088257178,910.3669088257178,910.3669050229589,910.3669050229589,3836,1918,0,0,3836,1918,1146964,573482,4836000.0,4836000.0,2521.376433785193,False,True,3836,1918,0,0,3836,1918,3.0517578125e-06,1.8119086955577952,-0.3497379412697932,-0.3497379412697932,-0.3497379412697932,False,-1.0873166586680137e-05,3.0517578125e-06,False
trial,299,299,299,910.3669031458992,910.3669031458992,910.3669031458992,910.3669031458992,3836,1918,0,0,3836,1918,1150800,575400,4836000.0,4836000.0,2521.376433785193,False,True,3836,1918,0,0,3836,1918,1.52587890625e-06,1.8119086955577952,0.3288905944842372,0.3288905944842372,0.3288905944842372,False,-5.707246610998231e-06,1.52587890625e-06,True
trial,300,300,299,910.3669079260217,910.3669079260217,910.3669031458992,910.3669031458992,3836,1918,0,0,3836,1918,1154636,577318,4836000.0,4836000.0,2521.376433785193,False,True,3836,1918,0,0,3836,1918,3.0517578125e-06,1.1965334344229563,-0.5415731027495104,-0.5415731027495104,-0.5415731027495104,False,-8.826366111395943e-06,3.0517578125e-06,False
trial,301,301,301,910.3669022609026,910.3669022609026,910.3669022609026,910.3669022609026,3836,1918,0,0,3836,1918,1158472,579236,4836000.0,4836000.0,2521.376433785193,False,True,3836,1918,0,0,3836,1918,1.52587890625e-06,1.1965334344229563,0.1907730352662768,0.1907730352662768,0.1907730352662768,False,-4.639002316290213e-06,1.52587890625e-06,True
trial,302,302,301,910.3669062811813,910.3669062811813,910.3669022609026,910.3669022609026,3836,1918,0,0,3836,1918,1162308,581154,4836000.0,4836000.0,2521.376433785193,False,True,3836,1918,0,0,3836,1918,3.0517578125e-06,1.7673726206318285,-0.38012469762778806,-0.38012469762778806,-0.38012469762778806,False,-1.0576210062894888e-05,3.0517578125e-06,False
trial,303,303,303,910.3669005202441,910.3669005202441,910.3669005202441,910.3669005202441,3836,1918,0,0,3836,1918,1166144,583072,4836000.0,4836000.0,2521.376433785193,False,True,3836,1918,0,0,3836,1918,1.52587890625e-06,1.7673726206318285,0.312655469478807,0.312655469478807,0.312655469478807,False,-5.567337405407601e-06,1.52587890625e-06,True
trial,304,304,303,910.366905501984,910.366905501984,910.3669005202441,910.3669005202441,3836,1918,0,0,3836,1918,1169980,584990,4836000.0,4836000.0,2521.376433785193,False,True,3836,1918,0,0,3836,1918,3.0517578125e-06,1.2357729721338393,-0.5628190733843882,-0.5628190733843882,-0.5628190733843882,False,-8.851405487945621e-06,3.0517578125e-06,False
trial,305,305,305,910.3668996676377,910.3668996676377,910.3668996676377,910.3668996676377,3836,1918,0,0,3836,1918,1173816,586908,4836000.0,4836000.0,2521.376433785193,False,True,3836,1918,0,0,3836,1918,1.52587890625e-06,1.2357729721338393,0.1824573982139786,0.1824573982139786,0.1824573982139786,False,-4.672907202689341e-06,1.52587890625e-06,True
trial,306,306,305,910.366903868484,910.366903868484,910.3668996676377,910.3668996676377,3836,1918,0,0,3836,1918,1177652,588826,4836000.0,4836000.0,2521.376433785193,False,True,3836,1918,0,0,3836,1918,3.0517578125e-06,1.7621803979553705,-0.4009903974380345,-0.4009903974380345,-0.4009903974380345,False,-1.0476176852439254e-05,3.0517578125e-06,False
trial,307,307,307,910.3668979887163,910.3668979887163,910.3668979887163,910.3668979887163,3836,1918,0,0,3836,1918,1181488,590744,4836000.0,4836000.0,2521.376433785193,False,True,3836,1918,0,0,3836,1918,1.52587890625e-06,1.7621803979553705,0.30501352858053893,0.30501352858053893,0.30501352858053893,False,-5.504415871553527e-06,1.52587890625e-06,True
trial,308,308,307,910.3669031584093,910.3669031584093,910.3668979887163,910.3668979887163,3836,1918,0,0,3836,1918,1185324,592662,4836000.0,4836000.0,2521.376433785193,False,True,3836,1918,0,0,3836,1918,3.0517578125e-06,1.2126654299375152,-0.587810981938984,-0.587810981938984,-0.587810981938984,False,-8.79482197380151e-06,3.0517578125e-06,False
trial,309,309,309,910.3668971441008,910.3668971441008,910.3668971441008,910.3668971441008,3836,1918,0,0,3836,1918,1189160,594580,4836000.0,4836000.0,2521.376433785193,False,True,3836,1918,0,0,3836,1918,1.52587890625e-06,1.2126654299375152,0.18175858875324788,0.18175858875324788,0.18175858875324788,False,-4.646908638293169e-06,1.52587890625e-06,True
trial,310,310,309,910.3669014858644,910.3669014858644,910.3668971441008,910.3668971441008,3836,1918,0,0,3836,1918,1192996,596498,4836000.0,4836000.0,2521.376433785193,False,True,3836,1918,0,0,3836,1918,3.0517578125e-06,1.7583496662728848,-0.4200740583080812,-0.4200740583080812,-0.4200740583080812,False,-1.0335710026094706e-05,3.0517578125e-06,False
trial,311,311,311,910.3668955565798,910.3668955565798,910.3668955565798,910.3668955565798,3836,1918,0,0,3836,1918,1196832,598416,4836000.0,4836000.0,2521.376433785193,False,True,3836,1918,0,0,3836,1918,1.52587890625e-06,1.7583496662728848,0.2932621509424303,0.2932621509424303,0.2932621509424303,False,-5.413316892343227e-06,1.52587890625e-06,True
trial,312,312,311,910.3669006281917,910.3669006281917,910.3668955565798,910.3668955565798,3836,1918,0,0,3836,1918,1200668,600334,4836000.0,4836000.0,2521.376433785193,False,True,3836,1918,0,0,3836,1918,3.0517578125e-06,1.1948960155543866,-0.5846422966318835,-0.5846422966318835,-0.5846422966318835,False,-8.674726279827403e-06,3.0517578125e-06,False
trial,313,313,313,910.3668947645762,910.3668947645762,910.3668947645762,910.3668947645762,3836,1918,0,0,3836,1918,1204504,602252,4836000.0,4836000.0,2521.376433785193,False,True,3836,1918,0,0,3836,1918,1.52587890625e-06,1.1948960155543866,0.1717784386481153,0.1717784386481153,0.1717784386481153,False,-4.610611676997922e-06,1.52587890625e-06,True
trial,314,314,313,910.3668992599885,910.3668992599885,910.3668947645762,910.3668947645762,3836,1918,0,0,3836,1918,1208340,604170,4836000.0,4836000.0,2521.376433785193,False,True,3836,1918,0,0,3836,1918,3.0517578125e-06,1.7670798701598185,-0.44125363389993966,-0.44125363389993966,-0.44125363389993966,False,-1.018781938881888e-05,3.0517578125e-06,False
trial,315,315,315,910.3668932303476,910.3668932303476,910.3668932303476,910.3668932303476,3836,1918,0,0,3836,1918,1212176,606088,4836000.0,4836000.0,2521.376433785193,False,True,3836,1918,0,0,3836,1918,1.52587890625e-06,1.7670798701598185,0.2862910025636552,0.2862910025636552,0.2862910025636552,False,-5.358982753067368e-06,1.52587890625e-06,True
trial,316,316,315,910.3668985316492,910.3668985316492,910.3668932303476,910.3668932303476,3836,1918,0,0,3836,1918,1216012,608006,4836000.0,4836000.0,2521.376433785193,False,True,3836,1918,0,0,3836,1918,3.0517578125e-06,1.2041466132416594,-0.6164303724912903,-0.6164303724912903,-0.6164303724912903,False,-8.600000641057718e-06,3.0517578125e-06,False
trial,317,317,317,910.3668924581643,910.3668924581643,910.3668924581643,910.3668924581643,3836,1918,0,0,3836,1918,1219848,609924,4836000.0,4836000.0,2521.376433785193,False,True,3836,1918,0,0,3836,1918,1.52587890625e-06,1.2041466132416594,0.1694907900730643,0.1694907900730643,0.1694907900730643,False,-4.555901144201025e-06,1.52587890625e-06,True
trial,318,318,317,910.366897129389,910.366897129389,910.3668924581643,910.3668924581643,3836,1918,0,0,3836,1918,1223684,611842,4836000.0,4836000.0,2521.376433785193,False,True,3836,1918,0,0,3836,1918,3.0517578125e-06,1.7523917187905074,-0.4666377207108163,-0.4666377207108163,-0.4666377207108163,False,-1.0010388131833174e-05,3.0517578125e-06,False
trial,319,319,319,910.3668910239952,910.3668910239952,910.3668910239952,910.3668910239952,3836,1918,0,0,3836,1918,1227520,613760,4836000.0,4836000.0,2521.376433785193,False,True,3836,1918,0,0,3836,1918,1.52587890625e-06,1.7523917187905074,0.27250493376957025,0.27250493376957025,0.27250493376957025,False,-5.262910661471267e-06,1.52587890625e-06,True
trial,320,320,319,910.3668963050127,910.3668963050127,910.3668910239952,910.3668910239952,3836,1918,0,0,3836,1918,1231356,615678,4836000.0,4836000.0,2521.376433785193,False,True,3836,1918,0,0,3836,1918,3.0517578125e-06,1.2231607901331008,-0.6155478533479328,-0.6155478533479328,-0.6155478533479328,False,-8.579377623683092e-06,3.0517578125e-06,False
trial,321,321,321,910.3668903070186,910.3668903070186,910.3668903070186,910.3668903070186,3836,1918,0,0,3836,1918,1235192,617596,4836000.0,4836000.0,2521.376433785193,False,True,3836,1918,0,0,3836,1918,1.52587890625e-06,1.2231607901331008,0.15767054750048393,0.15767054750048393,0.15767054750048393,False,-4.547308462698647e-06,1.52587890625e-06,True
trial,322,322,321,910.3668950481095,910.3668950481095,910.3668903070186,910.3668903070186,3836,1918,0,0,3836,1918,1239028,619514,4836000.0,4836000.0,2521.376433785193,False,True,3836,1918,0,0,3836,1918,3.0517578125e-06,1.7603414579570802,-0.4794424485572523,-0.4794424485572523,-0.4794424485572523,False,-9.88875924870241e-06,3.0517578125e-06,False
trial,323,323,323,910.3668889177785,910.3668889177785,910.3668889177785,910.3668889177785,3836,1918,0,0,3836,1918,1242864,621432,4836000.0,4836000.0,2521.376433785193,False,True,3836,1918,0,0,3836,1918,1.52587890625e-06,1.7603414579570802,0.26619553439639987,0.26619553439639987,0.26619553439639987,False,-5.218870730201846e-06,1.52587890625e-06,True
trial,324,324,323,910.3668942243255,910.3668942243255,910.3668889177785,910.3668889177785,3836,1918,0,0,3836,1918,1246700,623350,4836000.0,4836000.0,2521.376433785193,False,True,3836,1918,0,0,3836,1918,3.0517578125e-06,1.204028871214062,-0.6261503114762093,-0.6261503114762093,-0.6261503114762093,False,-8.47487719536143e-06,3.0517578125e-06,False
trial,325,325,325,910.3668882566907,910.3668882566907,910.3668882566907,910.3668882566907,3836,1918,0,0,3836,1918,1250536,625268,4836000.0,4836000.0,2521.376433785193,False,True,3836,1918,0,0,3836,1918,1.52587890625e-06,1.204028871214062,0.14755588513412451,0.14755588513412451,0.14755588513412451,False,-4.480253863693123e-06,1.52587890625e-06,True
trial,326,326,325,910.3668931268189,910.3668931268189,910.3668882566907,910.3668882566907,3836,1918,0,0,3836,1918,1254372,627186,4836000.0,4836000.0,2521.376433785193,False,True,3836,1918,0,0,3836,1918,3.0517578125e-06,1.7669728410412615,-0.5003734787704013,-0.5003734787704013,-0.5003734787704013,False,-9.732986345832846e-06,3.0517578125e-06,False
trial,327,327,327,910.366886930856,910.366886930856,910.366886930856,910.366886930856,3836,1918,0,0,3836,1918,1258208,629104,4836000.0,4836000.0,2521.376433785193,False,True,3836,1918,0,0,3836,1918,1.52587890625e-06,1.7669728410412615,0.2571401315262574,0.2571401315262574,0.2571401315262574,False,-5.156078329618202e-06,1.52587890625e-06,True
trial,328,328,327,910.3668922520292,910.3668922520292,910.366886930856,910.366886930856,3836,1918,0,0,3836,1918,1262044,631022,4836000.0,4836000.0,2521.376433785193,False,True,3836,1918,0,0,3836,1918,3.0517578125e-06,1.2441890983153394,-0.6329246291121606,-0.6329246291121606,-0.6329246291121606,False,-8.407277744580574e-06,3.0517578125e-06,False
trial,329,329,329,910.3668863043966,910.3668863043966,910.3668863043966,910.3668863043966,3836,1918,0,0,3836,1918,1265880,632940,4836000.0,4836000.0,2521.376433785193,False,True,3836,1918,0,0,3836,1918,1.52587890625e-06,1.2441890983153394,0.1407744359779402,0.1407744359779402,0.1407744359779402,False,-4.450093355338838e-06,1.52587890625e-06,True
trial,330,330,329,910.366891289161,910.366891289161,910.3668863043966,910.3668863043966,3836,1918,0,0,3836,1918,1269716,634858,4836000.0,4836000.0,2521.376433785193,False,True,3836,1918,0,0,3836,1918,3.0517578125e-06,1.7818018045277684,-0.5132439822448313,-0.5132439822448313,-0.5132439822448313,False,-9.71227044436718e-06,3.0517578125e-06,False
trial,331,331,331,910.3668850328373,910.3668850328373,910.3668850328373,910.3668850328373,3836,1918,0,0,3836,1918,1273552,636776,4836000.0,4836000.0,2521.376433785193,False,True,3836,1918,0,0,3836,1918,1.52587890625e-06,1.7818018045277684,0.2487000934692514,0.2487000934692514,0.2487000934692514,False,-5.112822014726777e-06,1.52587890625e-06,True
trial,332,332,331,910.366890426649,910.366890426649,910.3668850328373,910.3668850328373,3836,1918,0,0,3836,1918,1277388,638694,4836000.0,4836000.0,2521.376433785193,False,True,3836,1918,0,0,3836,1918,3.0517578125e-06,1.722228954774128,-0.6450941811002515,-0.6450941811002515,-0.6450941811002515,False,-8.361277788604036e-06,3.0517578125e-06,False
trial,333,333,333,910.366884435756,910.366884435756,910.366884435756,910.366884435756,3836,1918,0,0,3836,1918,1281224,640612,4836000.0,4836000.0,2521.376433785193,False,True,3836,1918,0,0,3836,1918,1.52587890625e-06,1.722228954774128,0.1347104151940571,0.1347104151940571,0.1347104151940571,False,-4.432332408578509e-06,1.52587890625e-06,True
trial,334,334,333,910.3668894414307,910.3668894414307,910.366884435756,910.366884435756,3836,1918,0,0,3836,1918,1285060,642530,4836000.0,4836000.0,2521.376433785193,False,True,3836,1918,0,0,3836,1918,3.0517578125e-06,1.7832791192140514,-0.5172691237056555,-0.5172691237056555,-0.5172691237056555,False,-9.67711861481509e-06,3.0517578125e-06,False
trial,335,335,335,910.3668831957245,910.3668831957245,910.3668831957245,910.3668831957245,3836,1918,0,0,3836,1918,1288896,644448,4836000.0,4836000.0,2521.376433785193,False,True,3836,1918,0,0,3836,1918,1.52587890625e-06,1.7832791192140514,0.2433372750915008,0.2433372750915008,0.2433372750915008,False,-5.095937115582803e-06,1.52587890625e-06,True
trial,336,336,335,910.3668888163991,910.3668888163991,910.3668831957245,910.3668831957245,3836,1918,0,0,3836,1918,1292732,646366,4836000.0,4836000.0,2521.376433785193,False,True,3836,1918,0,0,3836,1918,3.0517578125e-06,1.2533752810383154,-0.6708467437173201,-0.6708467437173201,-0.6708467437173201,False,-8.378477768748056e-06,3.0517578125e-06,False
trial,337,337,337,910.3668826094008,910.3668826094008,910.3668826094008,910.3668826094008,3836,1918,0,0,3836,1918,1296568,648284,4836000.0,4836000.0,2521.376433785193,False,True,3836,1918,0,0,3836,1918,1.52587890625e-06,1.2533752810383154,0.1322903825043871,0.1322903825043871,0.1322903825043871,False,-4.4320963543879246e-06,1.52587890625e-06,True
trial,338,338,337,910.3668876396408,910.3668876396408,910.3668826094008,910.3668826094008,3836,1918,0,0,3836,1918,1300404,650202,4836000.0,4836000.0,2521.376433785193,False,True,3836,1918,0,0,3836,1918,3.0517578125e-06,1.7926138108996101,-0.5228222307945667,-0.5228222307945667,-0.5228222307945667,False,-9.621320035386323e-06,3.0517578125e-06,False
trial,339,339,339,910.3668813809634,910.3668813809634,910.3668813809634,910.3668813809634,3836,1918,0,0,3836,1918,1304240,652120,4836000.0,4836000.0,2521.376433785193,False,True,3836,1918,0,0,3836,1918,1.52587890625e-06,1.7926138108996101,0.24141200267842622,0.24141200267842622,0.24141200267842622,False,-5.0885516338447376e-06,1.52587890625e-06,True
trial,340,340,339,910.3668869057992,910.3668869057992,910.3668813809634,910.3668813809634,3836,1918,0,0,3836,1918,1308076,654038,4836000.0,4836000.0,2521.376433785193,False,True,3836,1918,0,0,3836,1918,3.0517578125e-06,1.254761596355698,-0.6607657939215298,-0.6607657939215298,-0.6607657939215298,False,-8.361261876713238e-06,3.0517578125e-06,False
trial,341,341,341,910.3668808095646,910.3668808095646,910.3668808095646,910.3668808095646,3836,1918,0,0,3836,1918,1311912,655956,4836000.0,4836000.0,2521.376433785193,False,True,3836,1918,0,0,3836,1918,1.52587890625e-06,1.254761596355698,0.1291867325635359,0.1291867325635359,0.1291867325635359,False,-4.423045532127879e-06,1.52587890625e-06,True
trial,342,342,341,910.3668858913584,910.3668858913584,910.3668808095646,910.3668808095646,3836,1918,0,0,3836,1918,1315748,657874,4836000.0,4836000.0,2521.376433785193,False,True,3836,1918,0,0,3836,1918,3.0517578125e-06,1.7941278105365615,-0.5308790487936784,-0.5308790487936784,-0.5308790487936784,False,-9.57241355316591e-06,3.0517578125e-06,False
trial,343,343,343,910.3668795865852,910.3668795865852,910.3668795865852,910.3668795865852,3836,1918,0,0,3836,1918,1319584,659792,4836000.0,4836000.0,2521.376433785193,False,True,3836,1918,0,0,3836,1918,1.52587890625e-06,1.7941278105365615,0.2404296216615389,0.2404296216615389,0.2404296216615389,False,-5.086641683867271e-06,1.52587890625e-06,True
trial,344,344,343,910.3668852433758,910.3668852433758,910.3668795865852,910.3668795865852,3836,1918,0,0,3836,1918,1323420,661710,4836000.0,4836000.0,2521.376433785193,False,True,3836,1918,0,0,3836,1918,3.0517578125e-06,1.2816353891965713,-0.6798479247648616,-0.6798479247648616,-0.6798479247648616,False,-8.320670486765851e-06,3.0517578125e-06,False
trial,345,345,345,910.3668790140222,910.3668790140222,910.3668790140222,910.3668790140222,3836,1918,0,0,3836,1918,1327256,663628,4836000.0,4836000.0,2521.376433785193,False,True,3836,1918,0,0,3836,1918,1.52587890625e-06,1.2816353891965713,0.12944651814142066,0.12944651814142066,0.12944651814142066,False,-4.423163136415358e-06,1.52587890625e-06,True
trial,346,346,345,910.3668841177075,910.3668841177075,910.3668790140222,910.3668790140222,3836,1918,0,0,3836,1918,1331092,665546,4836000.0,4836000.0,2521.376433785193,False,True,3836,1918,0,0,3836,1918,3.0517578125e-06,1.7950158797594946,-0.5292809939120671,-0.5292809939120671,-0.5292809939120671,False,-9.642676381619737e-06,3.0517578125e-06,False
trial,347,347,347,910.3668777947447,910.3668777947447,910.3668777947447,910.3668777947447,3836,1918,0,0,3836,1918,1334928,667464,4836000.0,4836000.0,2521.376433785193,False,True,3836,1918,0,0,3836,1918,1.52587890625e-06,1.7950158797594946,0.2398979240773422,0.2398979240773422,0.2398979240773422,False,-5.082484433575338e-06,1.52587890625e-06,True
trial,348,348,347,910.3668833460929,910.3668833460929,910.3668777947447,910.3668777947447,3836,1918,0,0,3836,1918,1338764,669382,4836000.0,4836000.0,2521.376433785193,False,True,3836,1918,0,0,3836,1918,3.0517578125e-06,1.2307701136657163,-0.6652640543262927,-0.6652640543262927,-0.6652640543262927,False,-8.344578585062612e-06,3.0517578125e-06,False
trial,349,349,349,910.3668772199546,910.3668772199546,910.3668772199546,910.3668772199546,3836,1918,0,0,3836,1918,1342600,671300,4836000.0,4836000.0,2521.376433785193,False,True,3836,1918,0,0,3836,1918,1.52587890625e-06,1.2307701136657163,0.12993661357284644,0.12993661357284644,0.12993661357284644,False,-4.4236190465463965e-06,1.52587890625e-06,True
trial,350,350,349,910.3668823471231,910.3668823471231,910.3668772199546,910.3668772199546,3836,1918,0,0,3836,1918,1346436,673218,4836000.0,4836000.0,2521.376433785193,False,True,3836,1918,0,0,3836,1918,3.0517578125e-06,1.7937033155541233,-0.5329300029475207,-0.5329300029475207,-0.5329300029475207,False,-9.620716537028548e-06,3.0517578125e-06,False
trial,351,351,351,910.3668760148194,910.3668760148194,910.3668760148194,910.3668760148194,3836,1918,0,0,3836,1918,1350272,675136,4836000.0,4836000.0,2521.376433785193,False,True,3836,1918,0,0,3836,1918,1.52587890625e-06,1.7937033155541233,0.23749258525033226,0.23749258525033226,0.23749258525033226,False,-5.074412220636794e-06,1.52587890625e-06,True
trial,352,352,351,910.3668815161556,910.3668815161556,910.3668760148194,910.3668760148194,3836,1918,0,0,3836,1918,1354108,677054,4836000.0,4836000.0,2521.376433785193,False,True,3836,1918,0,0,3836,1918,3.0517578125e-06,1.3202995997294644,-0.6600849329419701,-0.6600849329419701,-0.6600849329419701,False,-8.334285377249526e-06,3.0517578125e-06,False
trial,353,353,353,910.3668754224807,910.3668754224807,910.3668754224807,910.3668754224807,3836,1918,0,0,3836,1918,1357944,678972,4836000.0,4836000.0,2521.376433785193,False,True,3836,1918,0,0,3836,1918,1.52587890625e-06,1.3202995997294644,0.13420685612832503,0.13420685612832503,0.13420685612832503,False,-4.413624477292538e-06,1.52587890625e-06,True
trial,354,354,353,910.3668806464052,910.3668806464052,910.3668754224807,910.3668754224807,3836,1918,0,0,3836,1918,1361780,680890,4836000.0,4836000.0,2521.376433785193,False,True,3836,1918,0,0,3836,1918,3.0517578125e-06,1.7942907188058008,-0.5485571623155661,-0.5485571623155661,-0.5485571623155661,False,-9.523026726692642e-06,3.0517578125e-06,False
trial,355,355,355,910.3668742574216,910.3668742574216,910.3668742574216,910.3668742574216,3836,1918,0,0,3836,1918,1365616,682808,4836000.0,4836000.0,2521.376433785193,False,True,3836,1918,0,0,3836,1918,1.52587890625e-06,1.7942907188058008,0.23139905930447952,0.23139905930447952,0.23139905930447952,False,-5.034847931076962e-06,1.52587890625e-06,True
trial,356,356,355,910.3668795905469,910.3668795905469,910.3668742574216,910.3668742574216,3836,1918,0,0,3836,1918,1369452,684726,4836000.0,4836000.0,2521.376433785193,False,True,3836,1918,0,0,3836,1918,3.0517578125e-06,1.2602065500048685,-0.6386020439195421,-0.6386020439195421,-0.6386020439195421,False,-8.351249927453809e-06,3.0517578125e-06,False
trial,357,357,357,910.3668736413824,910.3668736413824,910.3668736413824,910.3668736413824,3836,1918,0,0,3836,1918,1373288,686644,4836000.0,4836000.0,2521.376433785193,False,True,3836,1918,0,0,3836,1918,1.52587890625e-06,1.2602065500048685,0.13798693889288374,0.13798693889288374,0.13798693889288374,False,-4.464474627849901e-06,1.52587890625e-06,True
trial,358,358,357,910.366878881311,910.366878881311,910.3668736413824,910.3668736413824,3836,1918,0,0,3836,1918,1377124,688562,4836000.0,4836000.0,2521.376433785193,False,True,3836,1918,0,0,3836,1918,3.0517578125e-06,1.791225436873679,-0.5507424605378332,-0.5507424605378332,-0.5507424605378332,False,-9.514299206092242e-06,3.0517578125e-06,False
trial,359,359,359,910.3668724908134,910.3668724908134,910.3668724908134,910.3668724908134,3836,1918,0,0,3836,1918,1380960,690480,4836000.0,4836000.0,2521.376433785193,False,True,3836,1918,0,0,3836,1918,1.52587890625e-06,1.791225436873679,0.22891573968334797,0.22891573968334797,0.22891573968334797,False,-5.026168174347531e-06,1.52587890625e-06,True
trial,360,360,359,910.3668780102475,910.3668780102475,910.3668724908134,910.3668724908134,3836,1918,0,0,3836,1918,1384796,692398,4836000.0,4836000.0,2521.376433785193,False,True,3836,1918,0,0,3836,1918,3.0517578125e-06,1.302211830190182,-0.6553018643055959,-0.6553018643055959,-0.6553018643055959,False,-8.422735271161664e-06,3.0517578125e-06,False
trial,361,361,361,910.3668718659694,910.3668718659694,910.3668718659694,910.3668718659694,3836,1918,0,0,3836,1918,1388632,694316,4836000.0,4836000.0,2521.376433785193,False,True,3836,1918,0,0,3836,1918,1.52587890625e-06,1.302211830190182,0.13956246268389724,0.13956246268389724,0.13956246268389724,False,-4.4771638007353145e-06,1.52587890625e-06,True
trial,362,362,361,910.3668771018949,910.3668771018949,910.3668718659694,910.3668718659694,3836,1918,0,0,3836,1918,1392468,696234,4836000.0,4836000.0,2521.376433785193,False,True,3836,1918,0,0,3836,1918,3.0517578125e-06,1.789278147271392,-0.5518313242363473,-0.5518313242363473,-0.5518313242363473,False,-9.488271683487927e-06,3.0517578125e-06,False
trial,363,363,363,910.3668707213936,910.3668707213936,910.3668707213936,910.3668707213936,3836,1918,0,0,3836,1918,1396304,698152,4836000.0,4836000.0,2521.376433785193,False,True,3836,1918,0,0,3836,1918,1.52587890625e-06,1.789278147271392,0.22796928651788592,0.22796928651788592,0.22796928651788592,False,-5.020745530515562e-06,1.52587890625e-06,True
trial,364,364,363,910.3668762203645,910.3668762203645,910.3668707213936,910.3668707213936,3836,1918,0,0,3836,1918,1400140,700070,4836000.0,4836000.0,2521.376433785193,False,True,3836,1918,0,0,3836,1918,3.0517578125e-06,1.2555959774731147,-0.6507374047128819,-0.6507374047128819,-0.6507374047128819,False,-8.450368453065356e-06,3.0517578125e-06,False
trial,365,365,365,910.366870086991,910.366870086991,910.366870086991,910.366870086991,3836,1918,0,0,3836,1918,1403976,701988,4836000.0,4836000.0,2521.376433785193,False,True,3836,1918,0,0,3836,1918,1.52587890625e-06,1.2555959774731147,0.14155307812318205,0.14155307812318205,0.14155307812318205,False,-4.481730033073142e-06,1.52587890625e-06,True
trial,366,366,365,910.3668753612561,910.3668753612561,910.366870086991,910.366870086991,3836,1918,0,0,3836,1918,1407812,703906,4836000.0,4836000.0,2521.376433785193,False,True,3836,1918,0,0,3836,1918,3.0517578125e-06,1.7845978303852028,-0.5558393515658699,-0.5558393515658699,-0.5558393515658699,False,-9.488830088084813e-06,3.0517578125e-06,False
trial,367,367,367,910.3668689540466,910.3668689540466,910.3668689540466,910.3668689540466,3836,1918,0,0,3836,1918,1411648,705824,4836000.0,4836000.0,2521.376433785193,False,True,3836,1918,0,0,3836,1918,1.52587890625e-06,1.7845978303852028,0.22714689022760248,0.22714689022760248,0.22714689022760248,False,-4.987716808229883e-06,1.52587890625e-06,True
trial,368,368,367,910.3668745560161,910.3668745560161,910.3668689540466,910.3668689540466,3836,1918,0,0,3836,1918,1415484,707742,4836000.0,4836000.0,2521.376433785193,False,True,3836,1918,0,0,3836,1918,3.0517578125e-06,1.2736039648256707,-0.6640979604300482,-0.6640979604300482,-0.6640979604300482,False,-8.435456594005744e-06,3.0517578125e-06,False
trial,369,369,369,910.3668683297501,910.3668683297501,910.3668683297501,910.3668683297501,3836,1918,0,0,3836,1918,1419320,709660,4836000.0,4836000.0,2521.376433785193,False,True,3836,1918,0,0,3836,1918,1.52587890625e-06,1.2736039648256707,0.13969993813809115,0.13969993813809115,0.13969993813809115,False,-4.468838700860723e-06,1.52587890625e-06,True
trial,370,370,369,910.3668735918657,910.3668735918657,910.3668683297501,910.3668683297501,3836,1918,0,0,3836,1918,1423156,711578,4836000.0,4836000.0,2521.376433785193,False,True,3836,1918,0,0,3836,1918,3.0517578125e-06,1.800152788990006,-0.5562113568831163,-0.5562113568831163,-0.5562113568831163,False,-9.460640275500707e-06,3.0517578125e-06,False
trial,371,371,371,910.3668671953055,910.3668671953055,910.3668671953055,910.3668671953055,3836,1918,0,0,3836,1918,1426992,713496,4836000.0,4836000.0,2521.376433785193,False,True,3836,1918,0,0,3836,1918,1.52587890625e-06,1.800152788990006,0.22643052427604338,0.22643052427604338,0.22643052427604338,False,-5.010122100202906e-06,1.52587890625e-06,True
trial,372,372,371,910.3668724291549,910.3668724291549,910.3668671953055,910.3668671953055,3836,1918,0,0,3836,1918,1430828,715414,4836000.0,4836000.0,2521.376433785193,False,True,3836,1918,0,0,3836,1918,3.0517578125e-06,1.2580489204284804,-0.6219665414355318,-0.6219665414355318,-0.6219665414355318,False,-8.415001499442245e-06,3.0517578125e-06,False
trial,373,373,373,910.366866527276,910.366866527276,910.366866527276,910.366866527276,3836,1918,0,0,3836,1918,1434664,717332,4836000.0,4836000.0,2521.376433785193,False,True,3836,1918,0,0,3836,1918,1.52587890625e-06,1.2580489204284804,0.14926326230720421,0.14926326230720421,0.14926326230720421,False,-4.475512141890653e-06,1.52587890625e-06,True
trial,374,374,373,910.3668719035278,910.3668719035278,910.366866527276,910.366866527276,3836,1918,0,0,3836,1918,1438500,719250,4836000.0,4836000.0,2521.376433785193,False,True,3836,1918,0,0,3836,1918,3.0517578125e-06,1.8095695973201043,-0.5726379416636593,-0.5726379416636593,-0.5726379416636593,False,-9.388570709777025e-06,3.0517578125e-06,False
trial,375,375,375,910.3668654504323,910.3668654504323,910.3668654504323,910.3668654504323,3836,1918,0,0,3836,1918,1442336,721168,4836000.0,4836000.0,2521.376433785193,False,True,3836,1918,0,0,3836,1918,1.52587890625e-06,1.8095695973201043,0.2171985535546762,0.2171985535546762,0.2171985535546762,False,-4.95787675355909e-06,1.52587890625e-06,True
trial,376,376,375,910.3668710343998,910.3668710343998,910.3668654504323,910.3668654504323,3836,1918,0,0,3836,1918,1446172,723086,4836000.0,4836000.0,2521.376433785193,False,True,3836,1918,0,0,3836,1918,3.0517578125e-06,1.2672582010611517,-0.6508015391093451,-0.6508015391093451,-0.6508015391093451,False,-8.580138645089586e-06,3.0517578125e-06,False
trial,377,377,377,910.3668647671025,910.3668647671025,910.3668647671025,910.3668647671025,3836,1918,0,0,3836,1918,1450008,725004,4836000.0,4836000.0,2521.376433785193,False,True,3836,1918,0,0,3836,1918,1.52587890625e-06,1.2672582010611517,0.15072918876932773,0.15072918876932773,0.15072918876932773,False,-4.5334939042294026e-06,1.52587890625e-06,True
trial,378,378,377,910.3668701314928,910.3668701314928,910.3668647671025,910.3668647671025,3836,1918,0,0,3836,1918,1453844,726922,4836000.0,4836000.0,2521.376433785193,False,True,3836,1918,0,0,3836,1918,3.0517578125e-06,1.7661134255038144,-0.5766299691640154,-0.5766299691640154,-0.5766299691640154,False,-9.303002925730549e-06,3.0517578125e-06,False
trial,379,379,379,910.3668637117622,910.3668637117622,910.3668637117622,910.3668637117622,3836,1918,0,0,3836,1918,1457680,728840,4836000.0,4836000.0,2521.376433785193,False,True,3836,1918,0,0,3836,1918,1.52587890625e-06,1.7661134255038144,0.21396227597185988,0.21396227597185988,0.21396227597185988,False,-4.932365970468986e-06,1.52587890625e-06,True
trial,380,380,379,910.3668689406275,910.3668689406275,910.3668637117622,910.3668637117622,3836,1918,0,0,3836,1918,1461516,730758,4836000.0,4836000.0,2521.376433785193,False,True,3836,1918,0,0,3836,1918,3.0517578125e-06,1.2717084867610444,-0.6112357330340966,-0.6112357330340966,-0.6112357330340966,False,-8.554580420511297e-06,3.0517578125e-06,False
trial,381,381,381,910.3668629887119,910.3668629887119,910.3668629887119,910.3668629887119,3836,1918,0,0,3836,1918,1465352,732676,4836000.0,4836000.0,2521.376433785193,False,True,3836,1918,0,0,3836,1918,1.52587890625e-06,1.2717084867610444,0.15924855484154163,0.15924855484154163,0.15924855484154163,False,-4.540388670980528e-06,1.52587890625e-06,True
trial,382,382,381,910.3668684324257,910.3668684324257,910.3668629887119,910.3668629887119,3836,1918,0,0,3836,1918,1469188,734594,4836000.0,4836000.0,2521.376433785193,False,True,3836,1918,0,0,3836,1918,3.0517578125e-06,1.7581509213700683,-0.5885647330457362,-0.5885647330457362,-0.5885647330457362,False,-9.249133523712334e-06,3.0517578125e-06,False
trial,383,383,383,910.3668619847715,910.3668619847715,910.3668619847715,910.3668619847715,3836,1918,0,0,3836,1918,1473024,736512,4836000.0,4836000.0,2521.376433785193,False,True,3836,1918,0,0,3836,1918,1.52587890625e-06,1.7581509213700683,0.2057472054327763,0.2057472054327763,0.2057472054327763,False,-4.879484905561407e-06,1.52587890625e-06,True
trial,384,384,383,910.3668671885243,910.3668671885243,910.3668619847715,910.3668619847715,3836,1918,0,0,3836,1918,1476860,738430,4836000.0,4836000.0,2521.376433785193,False,True,3836,1918,0,0,3836,1918,3.0517578125e-06,1.280346336337677,-0.602533160510159,-0.602533160510159,-0.602533160510159,False,-8.636458830669536e-06,3.0517578125e-06,False
trial,385,385,385,910.3668612399606,910.3668612399606,910.3668612399606,910.3668612399606,3836,1918,0,0,3836,1918,1480696,740348,4836000.0,4836000.0,2521.376433785193,False,True,3836,1918,0,0,3836,1918,1.52587890625e-06,1.280346336337677,0.1622045613937062,0.1622045613937062,0.1622045613937062,False,-4.591799996914735e-06,1.52587890625e-06,True
trial,386,386,385,910.366866782723,910.366866782723,910.3668612399606,910.3668612399606,3836,1918,0,0,3836,1918,1484532,742266,4836000.0,4836000.0,2521.376433785193,False,True,3836,1918,0,0,3836,1918,3.0517578125e-06,1.7503683107256807,-0.6034034727024311,-0.6034034727024311,-0.6034034727024311,False,-9.18583118629971e-06,3.0517578125e-06,False
trial,387,387,387,910.3668602370376,910.3668602370376,910.3668602370376,910.3668602370376,3836,1918,0,0,3836,1918,1488368,744184,4836000.0,4836000.0,2521.376433785193,False,True,3836,1918,0,0,3836,1918,1.52587890625e-06,1.7503683107256807,0.20550203418696572,0.20550203418696572,0.20550203418696572,False,-4.880355582502137e-06,1.52587890625e-06,True
trial,388,388,387,910.3668657470412,910.3668657470412,910.3668602370376,910.3668602370376,3836,1918,0,0,3836,1918,1492204,746102,4836000.0,4836000.0,2521.376433785193,False,True,3836,1918,0,0,3836,1918,3.0517578125e-06,1.279385946568735,-0.6338706074463215,-0.6338706074463215,-0.6338706074463215,False,-8.692631446314005e-06,3.0517578125e-06,False
trial,389,389,389,910.3668594910317,910.3668594910317,910.3668594910317,910.3668594910317,3836,1918,0,0,3836,1918,1496040,748020,4836000.0,4836000.0,2521.376433785193,False,True,3836,1918,0,0,3836,1918,1.52587890625e-06,1.279385946568735,0.16245544121771283,0.16245544121771283,0.16245544121771283,False,-4.5920645148395895e-06,1.52587890625e-06,True
trial,390,390,389,910.3668650213833,910.3668650213833,910.3668594910317,910.3668594910317,3836,1918,0,0,3836,1918,1499876,749938,4836000.0,4836000.0,2521.376433785193,False,True,3836,1918,0,0,3836,1918,3.0517578125e-06,1.74568470428182,-0.6023685462183335,-0.6023685462183335,-0.6023685462183335,False,-9.18100990029692e-06,3.0517578125e-06,False
trial,391,391,391,910.3668584976023,910.3668584976023,910.3668584976023,910.3668584976023,3836,1918,0,0,3836,1918,1503712,751856,4836000.0,4836000.0,2521.376433785193,False,True,3836,1918,0,0,3836,1918,1.52587890625e-06,1.74568470428182,0.20408679092574583,0.20408679092574583,0.20408679092574583,False,-4.867681353520657e-06,1.52587890625e-06,True
trial,392,392,391,910.3668640545428,910.3668640545428,910.3668584976023,910.3668584976023,3836,1918,0,0,3836,1918,1507548,753774,4836000.0,4836000.0,2521.376433785193,False,True,3836,1918,0,0,3836,1918,3.0517578125e-06,1.2796838657045018,-0.636880628720643,-0.636880628720643,-0.636880628720643,False,-8.725246615743647e-06,3.0517578125e-06,False
trial,393,393,393,910.3668577295509,910.3668577295509,910.3668577295509,910.3668577295509,3836,1918,0,0,3836,1918,1511384,755692,4836000.0,4836000.0,2521.376433785193,False,True,3836,1918,0,0,3836,1918,1.52587890625e-06,1.2796838657045018,0.16646529962043977,0.16646529962043977,0.16646529962043977,False,-4.6138825212201206e-06,1.52587890625e-06,True
trial,394,394,393,910.3668633057985,910.3668633057985,910.3668577295509,910.3668577295509,3836,1918,0,0,3836,1918,1515220,757610,4836000.0,4836000.0,2521.376433785193,False,True,3836,1918,0,0,3836,1918,3.0517578125e-06,1.7394743010654838,-0.607137425306222,-0.607137425306222,-0.607137425306222,False,-9.184489868118235e-06,3.0517578125e-06,False
trial,395,395,395,910.3668567616148,910.3668567616148,910.3668567616148,910.3668567616148,3836,1918,0,0,3836,1918,1519056,759528,4836000.0,4836000.0,2521.376433785193,False,True,3836,1918,0,0,3836,1918,1.52587890625e-06,1.7394743010654838,0.19987273231097577,0.19987273231097577,0.19987273231097577,False,-4.84276214986029e-06,1.52587890625e-06,True
trial,396,396,395,910.3668622800959,910.3668622800959,910.3668567616148,910.3668567616148,3836,1918,0,0,3836,1918,1522892,761446,4836000.0,4836000.0,2521.376433785193,False,True,3836,1918,0,0,3836,1918,3.0517578125e-06,1.2997109835032659,-0.6303705488916521,-0.6303705488916521,-0.6303705488916521,False,-8.754344724205432e-06,3.0517578125e-06,False
trial,397,397,397,910.3668559815342,910.3668559815342,910.3668559815342,910.3668559815342,3836,1918,0,0,3836,1918,1526728,763364,4836000.0,4836000.0,2521.376433785193,False,True,3836,1918,0,0,3836,1918,1.52587890625e-06,1.2997109835032659,0.16856874913406486,0.16856874913406486,0.16856874913406486,False,-4.627670658421813e-06,1.52587890625e-06,True
trial,398,398,397,910.3668615908683,910.3668615908683,910.3668559815342,910.3668559815342,3836,1918,0,0,3836,1918,1530564,765282,4836000.0,4836000.0,2521.376433785193,False,True,3836,1918,0,0,3836,1918,3.0517578125e-06,1.7328312695453862,-0.6127443711294596,-0.6127443711294596,-0.6127443711294596,False,-9.154444197314204e-06,3.0517578125e-06,False
trial,399,399,399,910.366855022439,910.366855022439,910.366855022439,910.366855022439,3836,1918,0,0,3836,1918,1534400,767200,4836000.0,4836000.0,2521.376433785193,False,True,3836,1918,0,0,3836,1918,1.52587890625e-06,1.7328312695453862,0.19831675923243292,0.19831675923243292,0.19831675923243292,False,-4.836177920184774e-06,1.52587890625e-06,True
trial,400,400,399,910.3668603867096,910.3668603867096,910.366855022439,910.366855022439,3836,1918,0,0,3836,1918,1538236,769118,4836000.0,4836000.0,2521.376433785193,False,True,3836,1918,0,0,3836,1918,3.0517578125e-06,1.3282239573408912,-0.6127739745675791,-0.6127739745675791,-0.6127739745675791,False,-8.75407703426386e-06,3.0517578125e-06,False
trial,401,401,401,910.3668542445757,910.3668542445757,910.3668542445757,910.3668542445757,3836,1918,0,0,3836,1918,1542072,771036,4836000.0,4836000.0,2521.376433785193,False,True,3836,1918,0,0,3836,1918,1.52587890625e-06,1.3282239573408912,0.16827430219901296,0.16827430219901296,0.16827430219901296,False,-4.62259118621512e-06,1.52587890625e-06,True
trial,402,402,401,910.366859878724,910.366859878724,910.3668542445757,910.3668542445757,3836,1918,0,0,3836,1918,1545908,772954,4836000.0,4836000.0,2521.376433785193,False,True,3836,1918,0,0,3836,1918,3.0517578125e-06,1.7283455111709047,-0.617801196249218,-0.617801196249218,-0.617801196249218,False,-9.119678420724873e-06,3.0517578125e-06,False
trial,403,403,403,910.3668532990644,910.3668532990644,910.3668532990644,910.3668532990644,3836,1918,0,0,3836,1918,1549744,774872,4836000.0,4836000.0,2521.376433785193,False,True,3836,1918,0,0,3836,1918,1.52587890625e-06,1.7283455111709047,0.19620729856039176,0.19620729856039176,0.19620729856039176,False,-4.8189408906883155e-06,1.52587890625e-06,True
trial,404,404,403,910.3668585791597,910.3668585791597,910.3668532990644,910.3668532990644,3836,1918,0,0,3836,1918,1553580,776790,4836000.0,4836000.0,2521.376433785193,False,True,3836,1918,0,0,3836,1918,3.0517578125e-06,1.2947123054782168,-0.6022241224784622,-0.6022241224784622,-0.6022241224784622,False,-8.767658365540634e-06,3.0517578125e-06,False
trial,405,405,405,910.3668525086879,910.3668525086879,910.3668525086879,910.3668525086879,3836,1918,0,0,3836,1918,1557416,778708,4836000.0,4836000.0,2521.376433785193,False,True,3836,1918,0,0,3836,1918,1.52587890625e-06,1.2947123054782168,0.17048420660472796,0.17048420660472796,0.17048420660472796,False,-4.6360685902810355e-06,1.52587890625e-06,True
trial,406,406,405,910.3668581610448,910.3668581610448,910.3668525086879,910.3668525086879,3836,1918,0,0,3836,1918,1561252,780626,4836000.0,4836000.0,2521.376433785193,False,True,3836,1918,0,0,3836,1918,3.0517578125e-06,1.725671732467056,-0.6221999351266799,-0.6221999351266799,-0.6221999351266799,False,-9.08447039446391e-06,3.0517578125e-06,False
trial,407,407,407,910.3668515748607,910.3668515748607,910.3668515748607,910.3668515748607,3836,1918,0,0,3836,1918,1565088,782544,4836000.0,4836000.0,2521.376433785193,False,True,3836,1918,0,0,3836,1918,1.52587890625e-06,1.725671732467056,0.1942024726790704,0.1942024726790704,0.1942024726790704,False,-4.808523786823874e-06,1.52587890625e-06,True
trial,408,408,407,910.366856963168,910.366856963168,910.3668515748607,910.3668515748607,3836,1918,0,0,3836,1918,1568924,784462,4836000.0,4836000.0,2521.376433785193,False,True,3836,1918,0,0,3836,1918,3.0517578125e-06,1.2970662926350331,-0.6113824176426919,-0.6113824176426919,-0.6113824176426919,False,-8.813317355682193e-06,3.0517578125e-06,False
trial,409,409,409,910.3668507614008,910.3668507614008,910.3668507614008,910.3668507614008,3836,1918,0,0,3836,1918,1572760,786380,4836000.0,4836000.0,2521.376433785193,False,True,3836,1918,0,0,3836,1918,1.52587890625e-06,1.2970662926350331,0.17462977813538347,0.17462977813538347,0.17462977813538347,False,-4.658196983030391e-06,1.52587890625e-06,True
trial,410,410,409,910.3668564521718,910.3668564521718,910.3668507614008,910.3668507614008,3836,1918,0,0,3836,1918,1576596,788298,4836000.0,4836000.0,2521.376433785193,False,True,3836,1918,0,0,3836,1918,3.0517578125e-06,1.7171776583545024,-0.6274915422107702,-0.6274915422107702,-0.6274915422107702,False,-9.069079991725697e-06,3.0517578125e-06,False
trial,411,411,411,910.3668498551024,910.3668498551024,910.3668498551024,910.3668498551024,3836,1918,0,0,3836,1918,1580432,790216,4836000.0,4836000.0,2521.376433785193,False,True,3836,1918,0,0,3836,1918,1.52587890625e-06,1.7171776583545024,0.18947837063770398,0.18947837063770398,0.18947837063770398,False,-4.7831232307949885e-06,1.52587890625e-06,True
trial,412,412,411,910.3668551001534,910.3668551001534,910.3668498551024,910.3668498551024,3836,1918,0,0,3836,1918,1584268,792134,4836000.0,4836000.0,2521.376433785193,False,True,3836,1918,0,0,3836,1918,3.0517578125e-06,1.3037825174555981,-0.594007963365613,-0.594007963365613,-0.594007963365613,False,-8.829933906731342e-06,3.0517578125e-06,False
trial,413,413,413,910.3668490252935,910.3668490252935,910.3668490252935,910.3668490252935,3836,1918,0,0,3836,1918,1588104,794052,4836000.0,4836000.0,2521.376433785193,False,True,3836,1918,0,0,3836,1918,1.52587890625e-06,1.3037825174555981,0.1774504825300074,0.1774504825300074,0.1774504825300074,False,-4.676284092884443e-06,1.52587890625e-06,True
trial,414,414,413,910.3668547382229,910.3668547382229,910.3668490252935,910.3668490252935,3836,1918,0,0,3836,1918,1591940,795970,4836000.0,4836000.0,2521.376433785193,False,True,3836,1918,0,0,3836,1918,3.0517578125e-06,1.802107005330503,-0.6348018492323243,-0.6348018492323243,-0.6348018492323243,False,-8.999547430161612e-06,3.0517578125e-06,False
trial,415,415,415,910.3668481250079,910.3668481250079,910.3668481250079,910.3668481250079,3836,1918,0,0,3836,1918,1595776,797888,4836000.0,4836000.0,2521.376433785193,False,True,3836,1918,0,0,3836,1918,1.52587890625e-06,1.802107005330503,0.1884339481997905,0.1884339481997905,0.1884339481997905,False,-4.777725148631829e-06,1.52587890625e-06,True
trial,416,416,415,910.3668533440463,910.3668533440463,910.3668481250079,910.3668481250079,3836,1918,0,0,3836,1918,1599612,799806,4836000.0,4836000.0,2521.376433785193,False,True,3836,1918,0,0,3836,1918,3.0517578125e-06,1.3077576825126658,-0.5909206226002167,-0.5909206226002167,-0.5909206226002167,False,-8.832046423233865e-06,3.0517578125e-06,False
trial,417,417,417,910.3668472849163,910.3668472849163,910.3668472849163,910.3668472849163,3836,1918,0,0,3836,1918,1603448,801724,4836000.0,4836000.0,2521.376433785193,False,True,3836,1918,0,0,3836,1918,1.52587890625e-06,1.3077576825126658,0.17916061795517105,0.17916061795517105,0.17916061795517105,False,-4.689041740401854e-06,1.52587890625e-06,True
trial,418,418,417,910.3668529497596,910.3668529497596,910.3668472849163,910.3668472849163,3836,1918,0,0,3836,1918,1607284,803642,4836000.0,4836000.0,2521.376433785193,False,True,3836,1918,0,0,3836,1918,3.0517578125e-06,1.7076242205813696,-0.6340592474640533,-0.6340592474640533,-0.6340592474640533,False,-8.934249229095088e-06,3.0517578125e-06,False
trial,419,419,419,910.3668463932536,910.3668463932536,910.3668463932536,910.3668463932536,3836,1918,0,0,3836,1918,1611120,805560,4836000.0,4836000.0,2521.376433785193,False,True,3836,1918,0,0,3836,1918,1.52587890625e-06,1.7076242205813696,0.18711214395822112,0.18711214395822112,0.18711214395822112,False,-4.765391893012086e-06,1.52587890625e-06,True
trial,420,420,419,910.366851666246,910.366851666246,910.3668463932536,910.3668463932536,3836,1918,0,0,3836,1918,1614956,807478,4836000.0,4836000.0,2521.376433785193,False,True,3836,1918,0,0,3836,1918,3.0517578125e-06,1.3206734742646133,-0.593959724347838,-0.593959724347838,-0.593959724347838,False,-8.877693592644148e-06,3.0517578125e-06,False
trial,421,421,421,910.3668455517985,910.3668455517985,910.3668455517985,910.3668455517985,3836,1918,0,0,3836,1918,1618792,809396,4836000.0,4836000.0,2521.376433785193,False,True,3836,1918,0,0,3836,1918,1.52587890625e-06,1.3206734742646133,0.17967702310592082,0.17967702310592082,0.17967702310592082,False,-4.683153402295289e-06,1.52587890625e-06,True
trial,422,422,421,910.366851338038,910.366851338038,910.3668455517985,910.3668455517985,3836,1918,0,0,3836,1918,1622628,811314,4836000.0,4836000.0,2521.376433785193,False,True,3836,1918,0,0,3836,1918,3.0517578125e-06,1.6971586544906998,-0.6454443888733918,-0.6454443888733918,-0.6454443888733918,False,-8.964737492748632e-06,3.0517578125e-06,False
trial,423,423,423,910.3668446778046,910.3668446778046,910.3668446778046,910.3668446778046,3836,1918,0,0,3836,1918,1626464,813232,4836000.0,4836000.0,2521.376433785193,False,True,3836,1918,0,0,3836,1918,1.52587890625e-06,1.6971586544906998,0.1840431373264872,0.1840431373264872,0.1840431373264872,False,-4.748853736289198e-06,1.52587890625e-06,True
trial,424,424,423,910.3668501659338,910.3668501659338,910.3668446778046,910.3668446778046,3836,1918,0,0,3836,1918,1630300,815150,4836000.0,4836000.0,2521.376433785193,False,True,3836,1918,0,0,3836,1918,3.0517578125e-06,1.3178509262882272,-0.61540270684354,-0.61540270684354,-0.61540270684354,False,-8.917947781822444e-06,3.0517578125e-06,False
trial,425,425,425,910.366843819289,910.366843819289,910.366843819289,910.366843819289,3836,1918,0,0,3836,1918,1634136,817068,4836000.0,4836000.0,2521.376433785193,False,True,3836,1918,0,0,3836,1918,1.52587890625e-06,1.3178509262882272,0.18250389149590848,0.18250389149590848,0.18250389149590848,False,-4.704094712860198e-06,1.52587890625e-06,True
trial,426,426,425,910.3668496127173,910.3668496127173,910.366843819289,910.366843819289,3836,1918,0,0,3836,1918,1637972,818986,4836000.0,4836000.0,2521.376433785193,False,True,3836,1918,0,0,3836,1918,3.0517578125e-06,1.6932843443178764,-0.6535672877946382,-0.6535672877946382,-0.6535672877946382,False,-8.864317998191437e-06,3.0517578125e-06,False
trial,427,427,427,910.3668429687621,910.3668429687621,910.3668429687621,910.3668429687621,3836,1918,0,0,3836,1918,1641808,820904,4836000.0,4836000.0,2521.376433785193,False,True,3836,1918,0,0,3836,1918,1.52587890625e-06,1.6932843443178764,0.17988575625309122,0.17988575625309122,0.17988575625309122,False,-4.728150512738767e-06,1.52587890625e-06,True
trial,428,428,427,910.366848520404,910.366848520404,910.3668429687621,910.3668429687621,3836,1918,0,0,3836,1918,1645644,822822,4836000.0,4836000.0,2521.376433785193,False,True,3836,1918,0,0,3836,1918,3.0517578125e-06,1.3195859999861554,-0.6209912355045949,-0.6209912355045949,-0.6209912355045949,False,-8.93996828058406e-06,3.0517578125e-06,False
trial,429,429,429,910.3668420956066,910.3668420956066,910.3668420956066,910.3668420956066,3836,1918,0,0,3836,1918,1649480,824740,4836000.0,4836000.0,2521.376433785193,False,True,3836,1918,0,0,3836,1918,1.52587890625e-06,1.3195859999861554,0.18510937069820085,0.18510937069820085,0.18510937069820085,False,-4.716970818979529e-06,1.52587890625e-06,True
trial,430,430,429,910.3668479101539,910.3668479101539,910.3668420956066,910.3668420956066,3836,1918,0,0,3836,1918,1653316,826658,4836000.0,4836000.0,2521.376433785193,False,True,3836,1918,0,0,3836,1918,3.0517578125e-06,1.689248528183637,-0.6583849359944824,-0.6583849359944824,-0.6583849359944824,False,-8.831531509532076e-06,3.0517578125e-06,False
trial,431,431,431,910.366841250931,910.366841250931,910.366841250931,910.366841250931,3836,1918,0,0,3836,1918,1657152,828576,4836000.0,4836000.0,2521.376433785193,False,True,3836,1918,0,0,3836,1918,1.52587890625e-06,1.689248528183637,0.17885414006892772,0.17885414006892772,0.17885414006892772,False,-4.722706348794805e-06,1.52587890625e-06,True
trial,432,432,431,910.3668468058689,910.3668468058689,910.366841250931,910.366841250931,3836,1918,0,0,3836,1918,1660988,830494,4836000.0,4836000.0,2521.376433785193,False,True,3836,1918,0,0,3836,1918,3.0517578125e-06,1.324986785285417,-0.6216881696039999,-0.6216881696039999,-0.6216881696039999,False,-8.93524797209728e-06,3.0517578125e-06,False
trial,433,433,433,910.3668403604543,910.3668403604543,910.3668403604543,910.3668403604543,3836,1918,0,0,3836,1918,1664824,832412,4836000.0,4836000.0,2521.376433785193,False,True,3836,1918,0,0,3836,1918,1.52587890625e-06,1.324986785285417,0.1879405488813097,0.1879405488813097,0.1879405488813097,False,-4.738076578534785e-06,1.52587890625e-06,True
trial,434,434,433,910.3668462383899,910.3668462383899,910.3668403604543,910.3668403604543,3836,1918,0,0,3836,1918,1668660,834330,4836000.0,4836000.0,2521.376433785193,False,True,3836,1918,0,0,3836,1918,3.0517578125e-06,1.6849602323569322,-0.6619279974928262,-0.6619279974928262,-0.6619279974928262,False,-8.880022751732413e-06,3.0517578125e-06,False
trial,435,435,435,910.3668395445744,910.3668395445744,910.3668395445744,910.3668395445744,3836,1918,0,0,3836,1918,1672496,836248,4836000.0,4836000.0,2521.376433785193,False,True,3836,1918,0,0,3836,1918,1.52587890625e-06,1.6849602323569322,0.17403972892842443,0.17403972892842443,0.17403972892842443,False,-4.687894245231736e-06,1.52587890625e-06,True
trial,436,436,435,910.3668448403765,910.3668448403765,910.3668395445744,910.3668395445744,3836,1918,0,0,3836,1918,1676332,838166,4836000.0,4836000.0,2521.376433785193,False,True,3836,1918,0,0,3836,1918,3.0517578125e-06,2.2904265046653585,-0.5903054732826951,-0.5903054732826951,-0.5903054732826951,False,-8.971290884454428e-06,3.0517578125e-06,False
trial,437,437,437,910.3668386269657,910.3668386269657,910.3668386269657,910.3668386269657,3836,1918,0,0,3836,1918,1680168,840084,4836000.0,4836000.0,2521.376433785193,False,True,3836,1918,0,0,3836,1918,1.52587890625e-06,2.2904265046653585,0.19336632723645555,0.19336632723645555,0.19336632723645555,False,-4.745442352187355e-06,1.52587890625e-06,True
trial,438,438,437,910.3668445060704,910.3668445060704,910.3668386269657,910.3668386269657,3836,1918,0,0,3836,1918,1684004,842002,4836000.0,4836000.0,2521.376433785193,False,True,3836,1918,0,0,3836,1918,3.0517578125e-06,1.6725631972556612,-0.6673224158891036,-0.6673224158891036,-0.6673224158891036,False,-8.809991361768162e-06,3.0517578125e-06,False
trial,439,439,439,910.3668378244346,910.3668378244346,910.3668378244346,910.3668378244346,3836,1918,0,0,3836,1918,1687840,843920,4836000.0,4836000.0,2521.376433785193,False,True,3836,1918,0,0,3836,1918,1.52587890625e-06,1.6725631972556612,0.17159433240068744,0.17159433240068744,0.17159433240068744,False,-4.676908992463192e-06,1.52587890625e-06,True
trial,440,440,439,910.3668433667749,910.3668433667749,910.3668378244346,910.3668378244346,3836,1918,0,0,3836,1918,1691676,845838,4836000.0,4836000.0,2521.376433785193,False,True,3836,1918,0,0,3836,1918,3.0517578125e-06,1.3354984770553695,-0.6128843660012903,-0.6128843660012903,-0.6128843660012903,False,-9.043044048265721e-06,3.0517578125e-06,False
trial,441,441,441,910.3668368990419,910.3668368990419,910.3668368990419,910.3668368990419,3836,1918,0,0,3836,1918,1695512,847756,4836000.0,4836000.0,2521.376433785193,False,True,3836,1918,0,0,3836,1918,1.52587890625e-06,1.3354984770553695,0.1939655534809996,0.1939655534809996,0.1939655534809996,False,-4.77091242518259e-06,1.52587890625e-06,True
trial,442,442,441,910.3668428411434,910.3668428411434,910.3668368990419,910.3668368990419,3836,1918,0,0,3836,1918,1699348,849674,4836000.0,4836000.0,2521.376433785193,False,True,3836,1918,0,0,3836,1918,3.0517578125e-06,1.6721523575531434,-0.6749769061943253,-0.6749769061943253,-0.6749769061943253,False,-8.803414433765868e-06,3.0517578125e-06,False
trial,443,443,443,910.3668361100204,910.3668361100204,910.3668361100204,910.3668361100204,3836,1918,0,0,3836,1918,1703184,851592,4836000.0,4836000.0,2521.376433785193,False,True,3836,1918,0,0,3836,1918,1.52587890625e-06,1.6721523575531434,0.1692103812716226,0.1692103812716226,0.1692103812716226,False,-4.662961868637539e-06,1.52587890625e-06,True
trial,444,444,443,910.3668416535577,910.3668416535577,910.3668361100204,910.3668361100204,3836,1918,0,0,3836,1918,1707020,853510,4836000.0,4836000.0,2521.376433785193,False,True,3836,1918,0,0,3836,1918,3.0517578125e-06,1.3403159352756275,-0.6112054948103294,-0.6112054948103294,-0.6112054948103294,False,-9.06984209734196e-06,3.0517578125e-06,False
trial,445,445,445,910.3668351687375,910.3668351687375,910.3668351687375,910.3668351687375,3836,1918,0,0,3836,1918,1710856,855428,4836000.0,4836000.0,2521.376433785193,False,True,3836,1918,0,0,3836,1918,1.52587890625e-06,1.3403159352756275,0.19674195122901966,0.19674195122901966,0.19674195122901966,False,-4.784352803059444e-06,1.52587890625e-06,True
trial,446,446,445,910.3668411390955,910.3668411390955,910.3668351687375,910.3668351687375,3836,1918,0,0,3836,1918,1714692,857346,4836000.0,4836000.0,2521.376433785193,False,True,3836,1918,0,0,3836,1918,3.0517578125e-06,1.6633439209021044,-0.6817894862645208,-0.6817894862645208,-0.6817894862645208,False,-8.756893725808211e-06,3.0517578125e-06,False
trial,447,447,447,910.3668343978045,910.3668343978045,910.3668343978045,910.3668343978045,3836,1918,0,0,3836,1918,1718528,859264,4836000.0,4836000.0,2521.376433785193,False,True,3836,1918,0,0,3836,1918,1.52587890625e-06,1.6633439209021044,0.165978885720941,0.165978885720941,0.165978885720941,False,-4.644765225622196e-06,1.52587890625e-06,True
trial,448,448,447,910.366839704122,910.366839704122,910.3668343978045,910.3668343978045,3836,1918,0,0,3836,1918,1722364,861182,4836000.0,4836000.0,2521.376433785193,False,True,3836,1918,0,0,3836,1918,3.0517578125e-06,1.3423950690880515,-0.5836354575520587,-0.5836354575520587,-0.5836354575520587,False,-9.091835311255937e-06,3.0517578125e-06,False
trial,449,449,449,910.3668334465061,910.3668334465061,910.3668334465061,910.3668334465061,3836,1918,0,0,3836,1918,1726200,863100,4836000.0,4836000.0,2521.376433785193,False,True,3836,1918,0,0,3836,1918,1.52587890625e-06,1.3423950690880515,0.19831563147560274,0.19831563147560274,0.19831563147560274,False,-4.796890533067924e-06,1.52587890625e-06,True
trial,450,450,449,910.3668394560368,910.3668394560368,910.3668334465061,910.3668334465061,3836,1918,0,0,3836,1918,1730036,865018,4836000.0,4836000.0,2521.376433785193,False,True,3836,1918,0,0,3836,1918,3.0517578125e-06,1.6685917294180417,-0.6891625430431165,-0.6891625430431165,-0.6891625430431165,False,-8.720048345898268e-06,3.0517578125e-06,False
trial,451,451,451,910.3668326840775,910.3668326840775,910.3668326840775,910.3668326840775,3836,1918,0,0,3836,1918,1733872,866936,4836000.0,4836000.0,2521.376433785193,False,True,3836,1918,0,0,3836,1918,1.52587890625e-06,1.6685917294180417,0.16492858689448903,0.16492858689448903,0.16492858689448903,False,-4.62278024109996e-06,1.52587890625e-06,True
trial,452,452,451,910.3668380679844,910.3668380679844,910.3668326840775,910.3668326840775,3836,1918,0,0,3836,1918,1737708,868854,4836000.0,4836000.0,2521.376433785193,False,True,3836,1918,0,0,3836,1918,3.0517578125e-06,1.6583012385074964,-0.5929971381920075,-0.5929971381920075,-0.5929971381920075,False,-9.07914484384098e-06,3.0517578125e-06,False
trial,453,453,453,910.3668317204122,910.3668317204122,910.3668317204122,910.3668317204122,3836,1918,0,0,3836,1918,1741544,870772,4836000.0,4836000.0,2521.376433785193,False,True,3836,1918,0,0,3836,1918,1.52587890625e-06,1.6583012385074964,0.2009527584254687,0.2009527584254687,0.2009527584254687,False,-4.795482035825423e-06,1.52587890625e-06,True
trial,454,454,453,910.3668377711743,910.3668377711743,910.3668317204122,910.3668317204122,3836,1918,0,0,3836,1918,1745380,872690,4836000.0,4836000.0,2521.376433785193,False,True,3836,1918,0,0,3836,1918,3.0517578125e-06,1.6353203748792882,-0.695404407841896,-0.695404407841896,-0.695404407841896,False,-8.701069640690818e-06,3.0517578125e-06,False
trial,455,455,455,910.3668309818166,910.3668309818166,910.3668309818166,910.3668309818166,3836,1918,0,0,3836,1918,1749216,874608,4836000.0,4836000.0,2521.376433785193,False,True,3836,1918,0,0,3836,1918,1.52587890625e-06,1.6353203748792882,0.16063760872442054,0.16063760872442054,0.16063760872442054,False,-4.597899192269378e-06,1.52587890625e-06,True
trial,456,456,455,910.3668363874605,910.3668363874605,910.3668309818166,910.3668309818166,3836,1918,0,0,3836,1918,1753052,876526,4836000.0,4836000.0,2521.376433785193,False,True,3836,1918,0,0,3836,1918,3.0517578125e-06,1.5419318121249972,-0.5945043767537443,-0.5945043767537443,-0.5945043767537443,False,-9.092689716630836e-06,3.0517578125e-06,False
trial,457,457,457,910.3668300087509,910.3668300087509,910.3668300087509,910.3668300087509,3836,1918,0,0,3836,1918,1756888,878444,4836000.0,4836000.0,2521.376433785193,False,True,3836,1918,0,0,3836,1918,1.52587890625e-06,1.5419318121249972,0.20255878300324703,0.20255878300324703,0.20255878300324703,False,-4.803868547205825e-06,1.52587890625e-06,True
trial,458,458,457,910.3668360331139,910.3668360331139,910.3668300087509,910.3668300087509,3836,1918,0,0,3836,1918,1760724,880362,4836000.0,4836000.0,2521.376433785193,False,True,3836,1918,0,0,3836,1918,3.0517578125e-06,1.630359109398774,-0.6959169953125476,-0.6959169953125476,-0.6959169953125476,False,-8.656726469899704e-06,3.0517578125e-06,False
trial,459,459,459,910.3668292824134,910.3668292824134,910.3668292824134,910.3668292824134,3836,1918,0,0,3836,1918,1764560,882280,4836000.0,4836000.0,2521.376433785193,False,True,3836,1918,0,0,3836,1918,1.52587890625e-06,1.630359109398774,0.15793425878972492,0.15793425878972492,0.15793425878972492,False,-4.598986192511227e-06,1.52587890625e-06,True
trial,460,460,459,910.3668348163603,910.3668348163603,910.3668292824134,910.3668292824134,3836,1918,0,0,3836,1918,1768396,884198,4836000.0,4836000.0,2521.376433785193,False,True,3836,1918,0,0,3836,1918,3.0517578125e-06,1.360715406871658,-0.6042389243981221,-0.6042389243981221,-0.6042389243981221,False,-9.158540950027759e-06,3.0517578125e-06,False
trial,461,461,461,910.3668282982759,910.3668282982759,910.3668282982759,910.3668282982759,3836,1918,0,0,3836,1918,1772232,886116,4836000.0,4836000.0,2521.376433785193,False,True,3836,1918,0,0,3836,1918,1.52587890625e-06,1.360715406871658,0.20401554595780125,0.20401554595780125,0.20401554595780125,False,-4.823835829575365e-06,1.52587890625e-06,True
trial,462,462,461,910.3668344014161,910.3668344014161,910.3668282982759,910.3668282982759,3836,1918,0,0,3836,1918,1776068,888034,4836000.0,4836000.0,2521.376433785193,False,True,3836,1918,0,0,3836,1918,3.0517578125e-06,1.642239775002236,-0.7057273801443836,-0.7057273801443836,-0.7057273801443836,False,-8.648013921573857e-06,3.0517578125e-06,False
trial,463,463,463,910.3668275795549,910.3668275795549,910.3668275795549,910.3668275795549,3836,1918,0,0,3836,1918,1779904,889952,4836000.0,4836000.0,2521.376433785193,False,True,3836,1918,0,0,3836,1918,1.52587890625e-06,1.642239775002236,0.15644093692699784,0.15644093692699784,0.15644093692699784,False,-4.594200469028555e-06,1.52587890625e-06,True
trial,464,464,463,910.3668329668913,910.3668329668913,910.3668275795549,910.3668275795549,3836,1918,0,0,3836,1918,1783740,891870,4836000.0,4836000.0,2521.376433785193,False,True,3836,1918,0,0,3836,1918,3.0517578125e-06,1.3784801763175816,-0.5881431665841527,-0.5881431665841527,-0.5881431665841527,False,-9.159906452818238e-06,3.0517578125e-06,False
trial,465,465,465,910.3668265840447,910.3668265840447,910.3668265840447,910.3668265840447,3836,1918,0,0,3836,1918,1787576,893788,4836000.0,4836000.0,2521.376433785193,False,True,3836,1918,0,0,3836,1918,1.52587890625e-06,1.3784801763175816,0.20583341662447865,0.20583341662447865,0.20583341662447865,False,-4.8364846657008375e-06,1.52587890625e-06,True
trial,466,466,465,910.3668326997285,910.3668326997285,910.3668265840447,910.3668265840447,3836,1918,0,0,3836,1918,1791412,895706,4836000.0,4836000.0,2521.376433785193,False,True,3836,1918,0,0,3836,1918,3.0517578125e-06,1.6615428655451465,-0.7089579528541545,-0.7089579528541545,-0.7089579528541545,False,-8.626299798096203e-06,3.0517578125e-06,False
trial,467,467,467,910.3668258853038,910.3668258853038,910.3668258853038,910.3668258853038,3836,1918,0,0,3836,1918,1795248,897624,4836000.0,4836000.0,2521.376433785193,False,True,3836,1918,0,0,3836,1918,1.52587890625e-06,1.6615428655451465,0.15265035781539357,0.15265035781539357,0.15265035781539357,False,-4.577394479358088e-06,1.52587890625e-06,True
trial,468,468,467,910.3668312883373,910.3668312883373,910.3668258853038,910.3668258853038,3836,1918,0,0,3836,1918,1799084,899542,4836000.0,4836000.0,2521.376433785193,False,True,3836,1918,0,0,3836,1918,3.0517578125e-06,1.3688700397407452,-0.5870617718664205,-0.5870617718664205,-0.5870617718664205,False,-9.203517804169457e-06,3.0517578125e-06,False
trial,469,469,469,910.3668248639863,910.3668248639863,910.3668248639863,910.3668248639863,3836,1918,0,0,3836,1918,1802920,901460,4836000.0,4836000.0,2521.376433785193,False,True,3836,1918,0,0,3836,1918,1.52587890625e-06,1.3688700397407452,0.20968704168441563,0.20968704168441563,0.20968704168441563,False,-4.870675469018108e-06,1.52587890625e-06,True
trial,470,470,469,910.3668310241472,910.3668310241472,910.3668248639863,910.3668248639863,3836,1918,0,0,3836,1918,1806756,903378,4836000.0,4836000.0,2521.376433785193,False,True,3836,1918,0,0,3836,1918,3.0517578125e-06,1.6314944704450152,-0.7161214604623084,-0.7161214604623084,-0.7161214604623084,False,-8.602117543964257e-06,3.0517578125e-06,False
trial,471,471,471,910.3668241746286,910.3668241746286,910.3668241746286,910.3668241746286,3836,1918,0,0,3836,1918,1810592,905296,4836000.0,4836000.0,2521.376433785193,False,True,3836,1918,0,0,3836,1918,1.52587890625e-06,1.6314944704450152,0.1509348583644874,0.1509348583644874,0.1509348583644874,False,-4.567252759023512e-06,1.52587890625e-06,True
trial,472,472,471,910.3668295960808,910.3668295960808,910.3668241746286,910.3668241746286,3836,1918,0,0,3836,1918,1814428,907214,4836000.0,4836000.0,2521.376433785193,False,True,3836,1918,0,0,3836,1918,3.0517578125e-06,1.5825548464320207,-0.58674861372285,-0.58674861372285,-0.58674861372285,False,-9.239821089241597e-06,3.0517578125e-06,False
trial,473,473,473,910.3668231429226,910.3668231429226,910.3668231429226,910.3668231429226,3836,1918,0,0,3836,1918,1818264,909132,4836000.0,4836000.0,2521.376433785193,False,True,3836,1918,0,0,3836,1918,1.52587890625e-06,1.5825548464320207,0.21152071293489436,0.21152071293489436,0.21152071293489436,False,-4.87756490437957e-06,1.52587890625e-06,True
trial,474,474,473,910.3668293207604,910.3668293207604,910.3668231429226,910.3668231429226,3836,1918,0,0,3836,1918,1822100,911050,4836000.0,4836000.0,2521.376433785193,False,True,3836,1918,0,0,3836,1918,3.0517578125e-06,1.6561147426050205,-0.7202379021466135,-0.7202379021466135,-0.7202379021466135,False,-8.577496110071938e-06,3.0517578125e-06,False
trial,475,475,475,910.3668224708948,910.3668224708948,910.3668224708948,910.3668224708948,3836,1918,0,0,3836,1918,1825936,912968,4836000.0,4836000.0,2521.376433785193,False,True,3836,1918,0,0,3836,1918,1.52587890625e-06,1.6561147426050205,0.14764277701060127,0.14764277701060127,0.14764277701060127,False,-4.5517146777974745e-06,1.52587890625e-06,True
trial,476,476,475,910.3668279127374,910.3668279127374,910.3668224708948,910.3668224708948,3836,1918,0,0,3836,1918,1829772,914886,4836000.0,4836000.0,2521.376433785193,False,True,3836,1918,0,0,3836,1918,3.0517578125e-06,1.3748885110249878,-0.5864388012973889,-0.5864388012973889,-0.5864388012973889,False,-9.279472332981677e-06,3.0517578125e-06,False
trial,477,477,477,910.3668214300421,910.3668214300421,910.3668214300421,910.3668214300421,3836,1918,0,0,3836,1918,1833608,916804,4836000.0,4836000.0,2521.376433785193,False,True,3836,1918,0,0,3836,1918,1.52587890625e-06,1.3748885110249878,0.2130300628992478,0.2130300628992478,0.2130300628992478,False,-4.8859426989971295e-06,1.52587890625e-06,True
trial,478,478,477,910.3668275941095,910.3668275941095,910.3668214300421,910.3668214300421,3836,1918,0,0,3836,1918,1837444,918722,4836000.0,4836000.0,2521.376433785193,False,True,3836,1918,0,0,3836,1918,3.0517578125e-06,1.6200363275882097,-0.7243642072347385,-0.7243642072347385,-0.7243642072347385,False,-8.509624454822828e-06,3.0517578125e-06,False
trial,479,479,479,910.3668207758856,910.3668207758856,910.3668207758856,910.3668207758856,3836,1918,0,0,3836,1918,1841280,920640,4836000.0,4836000.0,2521.376433785193,False,True,3836,1918,0,0,3836,1918,1.52587890625e-06,1.6200363275882097,0.14451749917838314,0.14451749917838314,0.14451749917838314,False,-4.526486889682194e-06,1.52587890625e-06,True
trial,480,480,479,910.3668262053939,910.3668262053939,910.3668207758856,910.3668207758856,3836,1918,0,0,3836,1918,1845116,922558,4836000.0,4836000.0,2521.376433785193,False,True,3836,1918,0,0,3836,1918,3.0517578125e-06,1.3788577535788422,-0.5846376680441526,-0.5846376680441526,-0.5846376680441526,False,-9.286962829504592e-06,3.0517578125e-06,False
trial,481,481,481,910.3668197172628,910.3668197172628,910.3668197172628,910.3668197172628,3836,1918,0,0,3836,1918,1848952,924476,4836000.0,4836000.0,2521.376433785193,False,True,3836,1918,0,0,3836,1918,1.52587890625e-06,1.3788577535788422,0.21597097524144193,0.21597097524144193,0.21597097524144193,False,-4.901689812021075e-06,1.52587890625e-06,True
trial,482,482,481,910.3668259634474,910.3668259634474,910.3668197172628,910.3668197172628,3836,1918,0,0,3836,1918,1852788,926394,4836000.0,4836000.0,2521.376433785193,False,True,3836,1918,0,0,3836,1918,3.0517578125e-06,1.643921555265846,-0.7362187782787485,-0.7362187782787485,-0.7362187782787485,False,-8.484141801491568e-06,3.0517578125e-06,False
trial,483,483,483,910.3668190684822,910.3668190684822,910.3668190684822,910.3668190684822,3836,1918,0,0,3836,1918,1856624,928312,4836000.0,4836000.0,2521.376433785193,False,True,3836,1918,0,0,3836,1918,1.52587890625e-06,1.643921555265846,0.1435751113981509,0.1435751113981509,0.1435751113981509,False,-4.518754326898067e-06,1.52587890625e-06,True
trial,484,484,483,910.3668244463722,910.3668244463722,910.3668190684822,910.3668190684822,3836,1918,0,0,3836,1918,1860460,930230,4836000.0,4836000.0,2521.376433785193,False,True,3836,1918,0,0,3836,1918,3.0517578125e-06,1.3894883084525342,-0.5769525659214159,-0.5769525659214159,-0.5769525659214159,False,-9.321199612230348e-06,3.0517578125e-06,False
trial,485,485,485,910.3668180000948,910.3668180000948,910.3668180000948,910.3668180000948,3836,1918,0,0,3836,1918,1864296,932148,4836000.0,4836000.0,2521.376433785193,False,True,3836,1918,0,0,3836,1918,1.52587890625e-06,1.3894883084525342,0.2175228023355546,0.2175228023355546,0.2175228023355546,False,-4.911611075899369e-06,1.52587890625e-06,True
trial,486,486,485,910.3668242767803,910.3668242767803,910.3668180000948,910.3668180000948,3836,1918,0,0,3836,1918,1868132,934066,4836000.0,4836000.0,2521.376433785193,False,True,3836,1918,0,0,3836,1918,3.0517578125e-06,1.60707538089235,-0.7411948357594731,-0.7411948357594731,-0.7411948357594731,False,-8.46833416897548e-06,3.0517578125e-06,False
trial,487,487,487,910.3668173654314,910.3668173654314,910.3668173654314,910.3668173654314,3836,1918,0,0,3836,1918,1871968,935984,4836000.0,4836000.0,2521.376433785193,False,True,3836,1918,0,0,3836,1918,1.52587890625e-06,1.60707538089235,0.1408187476062449,0.1408187476062449,0.1408187476062449,False,-4.506952207756773e-06,1.52587890625e-06,True
trial,488,488,487,910.366822723301,910.366822723301,910.3668173654314,910.3668173654314,3836,1918,0,0,3836,1918,1875804,937902,4836000.0,4836000.0,2521.376433785193,False,True,3836,1918,0,0,3836,1918,3.0517578125e-06,1.4430552203271563,-0.5727354868283812,-0.5727354868283812,-0.5727354868283812,False,-9.35487616441519e-06,3.0517578125e-06,False
trial,489,489,489,910.3668162849892,910.3668162849892,910.3668162849892,910.3668162849892,3836,1918,0,0,3836,1918,1879640,939820,4836000.0,4836000.0,2521.376433785193,False,True,3836,1918,0,0,3836,1918,1.52587890625e-06,1.4430552203271563,0.21971020922564494,0.21971020922564494,0.21971020922564494,False,-4.917578445069723e-06,1.52587890625e-06,True
trial,490,490,489,910.3668225769627,910.3668225769627,910.3668162849892,910.3668162849892,3836,1918,0,0,3836,1918,1883476,941738,4836000.0,4836000.0,2521.376433785193,False,True,3836,1918,0,0,3836,1918,3.0517578125e-06,1.6113589815523752,-0.7461103996107331,-0.7461103996107331,-0.7461103996107331,False,-8.433032806711436e-06,3.0517578125e-06,False
trial,491,491,491,910.3668156615959,910.3668156615959,910.3668156615959,910.3668156615959,3836,1918,0,0,3836,1918,1887312,943656,4836000.0,4836000.0,2521.376433785193,False,True,3836,1918,0,0,3836,1918,1.52587890625e-06,1.6113589815523752,0.13908182582314094,0.13908182582314094,0.13908182582314094,False,-4.482205767223741e-06,1.52587890625e-06,True
trial,492,492,491,910.3668207942087,910.3668207942087,910.3668156615959,910.3668156615959,3836,1918,0,0,3836,1918,1891148,945574,4836000.0,4836000.0,2521.376433785193,False,True,3836,1918,0,0,3836,1918,3.0517578125e-06,1.3884656284016759,-0.5496027391458421,-0.5496027391458421,-0.5496027391458421,False,-9.338768670229553e-06,3.0517578125e-06,False
trial,493,493,493,910.3668145661559,910.3668145661559,910.3668145661559,910.3668145661559,3836,1918,0,0,3836,1918,1894984,947492,4836000.0,4836000.0,2521.376433785193,False,True,3836,1918,0,0,3836,1918,1.52587890625e-06,1.3884656284016759,0.22225035638124344,0.22225035638124344,0.22225035638124344,False,-4.928855916777958e-06,1.52587890625e-06,True
trial,494,494,493,910.3668209352928,910.3668209352928,910.3668145661559,910.3668145661559,3836,1918,0,0,3836,1918,1898820,949410,4836000.0,4836000.0,2521.376433785193,False,True,3836,1918,0,0,3836,1918,3.0517578125e-06,1.5907006744932206,-0.7600507156668391,-0.7600507156668391,-0.7600507156668391,False,-8.379884143563384e-06,3.0517578125e-06,False
trial,495,495,495,910.366813963698,910.366813963698,910.366813963698,910.366813963698,3836,1918,0,0,3836,1918,1902656,951328,4836000.0,4836000.0,2521.376433785193,False,True,3836,1918,0,0,3836,1918,1.52587890625e-06,1.5907006744932206,0.13474362808472048,0.13474362808472048,0.13474362808472048,False,-4.471142266373124e-06,1.52587890625e-06,True
trial,496,496,495,910.3668192637074,910.3668192637074,910.366813963698,910.366813963698,3836,1918,0,0,3836,1918,1906492,953246,4836000.0,4836000.0,2521.376433785193,False,True,3836,1918,0,0,3836,1918,3.0517578125e-06,1.4100161335308528,-0.5630934507147306,-0.5630934507147306,-0.5630934507147306,False,-9.412308786876735e-06,3.0517578125e-06,False
trial,497,497,497,910.366812853023,910.366812853023,910.366812853023,910.366812853023,3836,1918,0,0,3836,1918,1910328,955164,4836000.0,4836000.0,2521.376433785193,False,True,3836,1918,0,0,3836,1918,1.52587890625e-06,1.4100161335308528,0.2242471386354725,0.2242471386354725,0.2242471386354725,False,-4.952905693974407e-06,1.52587890625e-06,True
trial,498,498,497,910.3668192536954,910.3668192536954,910.366812853023,910.366812853023,3836,1918,0,0,3836,1918,1914164,957082,4836000.0,4836000.0,2521.376433785193,False,True,3836,1918,0,0,3836,1918,3.0517578125e-06,1.5873649863696766,-0.7660544544290415,-0.7660544544290415,-0.7660544544290415,False,-8.35537523702526e-06,3.0517578125e-06,False
trial,499,499,499,910.3668122587469,910.3668122587469,910.3668122587469,910.3668122587469,3836,1918,0,0,3836,1918,1918000,959000,4836000.0,4836000.0,2521.376433785193,False,True,3836,1918,0,0,3836,1918,1.52587890625e-06,1.5873649863696766,0.13332977490800746,0.13332977490800746,0.13332977490800746,False,-4.457189826705501e-06,1.52587890625e-06,True
trial,500,500,499,910.3668175219696,910.3668175219696,910.3668122587469,910.3668122587469,3836,1918,0,0,3836,1918,1921836,960918,4836000.0,4836000.0,2521.376433785193,False,True,3836,1918,0,0,3836,1918,3.0517578125e-06,1.6054012902875883,-0.5595146488477538,-0.5595146488477538,-0.5595146488477538,False,-9.406764698447037e-06,3.0517578125e-06,False
trial,501,501,501,910.3668111375111,910.3668111375111,910.3668111375111,910.3668111375111,3836,1918,0,0,3836,1918,1925672,962836,4836000.0,4836000.0,2521.376433785193,False,True,3836,1918,0,0,3836,1918,1.52587890625e-06,1.6054012902875883,0.22611738672614792,0.22611738672614792,0.22611738672614792,False,-4.958644583427575e-06,1.52587890625e-06,True
trial,502,502,501,910.3668174940557,910.3668174940557,910.3668111375111,910.3668111375111,3836,1918,0,0,3836,1918,1929508,964754,4836000.0,4836000.0,2521.376433785193,False,True,3836,1918,0,0,3836,1918,3.0517578125e-06,1.5733030388993186,-0.7602586565099141,-0.7602586565099141,-0.7602586565099141,False,-8.361028811967574e-06,3.0517578125e-06,False
trial,503,503,503,910.3668105623076,910.3668105623076,910.3668105623076,910.3668105623076,3836,1918,0,0,3836,1918,1933344,966672,4836000.0,4836000.0,2521.376433785193,False,True,3836,1918,0,0,3836,1918,1.52587890625e-06,1.5733030388993186,0.12941819431214288,0.12941819431214288,0.12941819431214288,False,-4.4445339446325946e-06,1.52587890625e-06,True
trial,504,504,503,910.3668158321251,910.3668158321251,910.3668105623076,910.3668105623076,3836,1918,0,0,3836,1918,1937180,968590,4836000.0,4836000.0,2521.376433785193,False,True,3836,1918,0,0,3836,1918,3.0517578125e-06,1.4070827555486543,-0.5581742785466506,-0.5581742785466506,-0.5581742785466506,False,-9.441168662475367e-06,3.0517578125e-06,False
trial,505,505,505,910.3668094298083,910.3668094298083,910.3668094298083,910.3668094298083,3836,1918,0,0,3836,1918,1941016,970508,4836000.0,4836000.0,2521.376433785193,False,True,3836,1918,0,0,3836,1918,1.52587890625e-06,1.4070827555486543,0.22769918624894334,0.22769918624894334,0.22769918624894334,False,-4.973664144401115e-06,1.52587890625e-06,True
trial,506,506,505,910.3668158488513,910.3668158488513,910.3668094298083,910.3668094298083,3836,1918,0,0,3836,1918,1944852,972426,4836000.0,4836000.0,2521.376433785193,False,True,3836,1918,0,0,3836,1918,3.0517578125e-06,1.5935016304855802,-0.7700223587558023,-0.7700223587558023,-0.7700223587558023,False,-8.336177369630877e-06,3.0517578125e-06,False
trial,507,507,507,910.366808877052,910.366808877052,910.366808877052,910.366808877052,3836,1918,0,0,3836,1918,1948688,974344,4836000.0,4836000.0,2521.376433785193,False,True,3836,1918,0,0,3836,1918,1.52587890625e-06,1.5935016304855802,0.12490050244428101,0.12490050244428101,0.12490050244428101,False,-4.425573221256711e-06,1.52587890625e-06,True
trial,508,508,507,910.3668140511162,910.3668140511162,910.366808877052,910.366808877052,3836,1918,0,0,3836,1918,1952524,976262,4836000.0,4836000.0,2521.376433785193,False,True,3836,1918,0,0,3836,1918,3.0517578125e-06,1.4115075806463495,-0.5453010092397719,-0.5453010092397719,-0.5453010092397719,False,-9.488455204809916e-06,3.0517578125e-06,False
trial,509,509,509,910.3668077250372,910.3668077250372,910.3668077250372,910.3668077250372,3836,1918,0,0,3836,1918,1956360,978180,4836000.0,4836000.0,2521.376433785193,False,True,3836,1918,0,0,3836,1918,1.52587890625e-06,1.4115075806463495,0.23040565016360412,0.23040565016360412,0.23040565016360412,False,-4.999941451526742e-06,1.52587890625e-06,True
trial,510,510,509,910.3668141131134,910.3668141131134,910.3668077250372,910.3668077250372,3836,1918,0,0,3836,1918,1960196,980098,4836000.0,4836000.0,2521.376433785193,False,True,3836,1918,0,0,3836,1918,3.0517578125e-06,1.5785869089911975,-0.7705463124743253,-0.7705463124743253,-0.7705463124743253,False,-8.29032082963382e-06,3.0517578125e-06,False
trial,511,511,511,910.3668071815523,910.3668071815523,910.3668071815523,910.3668071815523,3836,1918,0,0,3836,1918,1964032,982016,4836000.0,4836000.0,2521.376433785193,False,True,3836,1918,0,0,3836,1918,1.52587890625e-06,1.5785869089911975,0.1228674173891996,0.1228674173891996,0.1228674173891996,False,-4.423344622174984e-06,1.52587890625e-06,True
trial,512,512,511,910.3668123682899,910.3668123682899,910.3668071815523,910.3668071815523,3836,1918,0,0,3836,1918,1967868,983934,4836000.0,4836000.0,2521.376433785193,False,True,3836,1918,0,0,3836,1918,3.0517578125e-06,1.4143821281942932,-0.5443161119465204,-0.5443161119465204,-0.5443161119465204,False,-9.528906896918515e-06,3.0517578125e-06,False
trial,513,513,513,910.3668060160823,910.3668060160823,910.3668060160823,910.3668060160823,3836,1918,0,0,3836,1918,1971704,985852,4836000.0,4836000.0,2521.376433785193,False,True,3836,1918,0,0,3836,1918,1.52587890625e-06,1.4143821281942932,0.2326557300167884,0.2326557300167884,0.2326557300167884,False,-5.0094190795411635e-06,1.52587890625e-06,True
trial,514,514,513,910.3668125026678,910.3668125026678,910.3668060160823,910.3668060160823,3836,1918,0,0,3836,1918,1975540,987770,4836000.0,4836000.0,2521.376433785193,False,True,3836,1918,0,0,3836,1918,3.0517578125e-06,1.571467817244621,-0.7844208793100353,-0.7844208793100353,-0.7844208793100353,False,-8.26926683507078e-06,3.0517578125e-06,False
trial,515,515,515,910.366805483605,910.366805483605,910.366805483605,910.366805483605,3836,1918,0,0,3836,1918,1979376,989688,4836000.0,4836000.0,2521.376433785193,False,True,3836,1918,0,0,3836,1918,1.52587890625e-06,1.571467817244621,0.12084157763782141,0.12084157763782141,0.12084157763782141,False,-4.406407234127281e-06,1.52587890625e-06,True
trial,516,516,515,910.3668105872782,910.3668105872782,910.366805483605,910.366805483605,3836,1918,0,0,3836,1918,1983212,991606,4836000.0,4836000.0,2521.376433785193,False,True,3836,1918,0,0,3836,1918,3.0517578125e-06,1.421484737327255,-0.5351359191731903,-0.5351359191731903,-0.5351359191731903,False,-9.537153070625277e-06,3.0517578125e-06,False
trial,517,517,517,910.3668043061983,910.3668043061983,910.3668043061983,910.3668043061983,3836,1918,0,0,3836,1918,1987048,993524,4836000.0,4836000.0,2521.376433785193,False,True,3836,1918,0,0,3836,1918,1.52587890625e-06,1.421484737327255,0.2344985959623244,0.2344985959623244,0.2344985959623244,False,-5.020954224874182e-06,1.52587890625e-06,True
trial,518,518,517,910.3668107163394,910.3668107163394,910.3668043061983,910.3668043061983,3836,1918,0,0,3836,1918,1990884,995442,4836000.0,4836000.0,2521.376433785193,False,True,3836,1918,0,0,3836,1918,3.0517578125e-06,1.7271394890501859,-0.7803673608880475,-0.7803673608880475,-0.7803673608880475,False,-8.21426084134013e-06,3.0517578125e-06,False
trial,519,519,519,910.3668037805885,910.3668037805885,910.3668037805885,910.3668037805885,3836,1918,0,0,3836,1918,1994720,997360,4836000.0,4836000.0,2521.376433785193,False,True,3836,1918,0,0,3836,1918,1.52587890625e-06,1.7271394890501859,0.11965978172773735,0.11965978172773735,0.11965978172773735,False,-4.3925354632783895e-06,1.52587890625e-06,True
trial,520,520,519,910.3668089212606,910.3668089212606,910.3668037805885,910.3668037805885,3836,1918,0,0,3836,1918,1998556,999278,4836000.0,4836000.0,2521.376433785193,False,True,3836,1918,0,0,3836,1918,3.0517578125e-06,1.4230097950550662,-0.5379567938147026,-0.5379567938147026,-0.5379567938147026,False,-9.55592003008388e-06,3.0517578125e-06,False
trial,521,521,521,910.3668026025953,910.3668026025953,910.3668026025953,910.3668026025953,3836,1918,0,0,3836,1918,2002392,1001196,4836000.0,4836000.0,2521.376433785193,False,True,3836,1918,0,0,3836,1918,1.52587890625e-06,1.4230097950550662,0.23472183625821683,0.23472183625821683,0.23472183625821683,False,-5.018677619852953e-06,1.52587890625e-06,True
trial,522,522,521,910.366809088516,910.366809088516,910.3668026025953,910.3668026025953,3836,1918,0,0,3836,1918,2006228,1003114,4836000.0,4836000.0,2521.376433785193,False,True,3836,1918,0,0,3836,1918,3.0517578125e-06,1.5542916336102364,-0.7894779813038976,-0.7894779813038976,-0.7894779813038976,False,-8.215454863828408e-06,3.0517578125e-06,False
trial,523,523,523,910.3668020929777,910.3668020929777,910.3668020929777,910.3668020929777,3836,1918,0,0,3836,1918,2010064,1005032,4836000.0,4836000.0,2521.376433785193,False,True,3836,1918,0,0,3836,1918,1.52587890625e-06,1.5542916336102364,0.11642400483384674,0.11642400483384674,0.11642400483384674,False,-4.377255547247933e-06,1.52587890625e-06,True
trial,524,524,523,910.3668071951105,910.3668071951105,910.3668020929777,910.3668020929777,3836,1918,0,0,3836,1918,2013900,1006950,4836000.0,4836000.0,2521.376433785193,False,True,3836,1918,0,0,3836,1918,3.0517578125e-06,1.4293363710023579,-0.532064751830916,-0.532064751830916,-0.532064751830916,False,-9.589308094969578e-06,3.0517578125e-06,False
trial,525,525,525,910.3668008867733,910.3668008867733,910.3668008867733,910.3668008867733,3836,1918,0,0,3836,1918,2017736,1008868,4836000.0,4836000.0,2521.376433785193,False,True,3836,1918,0,0,3836,1918,1.52587890625e-06,1.4293363710023579,0.23900994466391304,0.23900994466391304,0.23900994466391304,False,-5.046670294924196e-06,1.52587890625e-06,True
trial,526,526,525,910.3668074575697,910.3668074575697,910.3668008867733,910.3668008867733,3836,1918,0,0,3836,1918,2021572,1010786,4836000.0,4836000.0,2521.376433785193,False,True,3836,1918,0,0,3836,1918,3.0517578125e-06,1.547853222241019,-0.8029670314043492,-0.8029670314043492,-0.8029670314043492,False,-8.183146026267802e-06,3.0517578125e-06,False
trial,527,527,527,910.3668003944289,910.3668003944289,910.3668003944289,910.3668003944289,3836,1918,0,0,3836,1918,2025408,1012704,4836000.0,4836000.0,2521.376433785193,False,True,3836,1918,0,0,3836,1918,1.52587890625e-06,1.547853222241019,0.11290604092383061,0.11290604092383061,0.11290604092383061,False,-4.3606558152279475e-06,1.52587890625e-06,True
trial,528,528,527,910.3668054718437,910.3668054718437,910.3668003944289,910.3668003944289,3836,1918,0,0,3836,1918,2029244,1014622,4836000.0,4836000.0,2521.376433785193,False,True,3836,1918,0,0,3836,1918,3.0517578125e-06,1.437542458312942,-0.52748058930336,-0.52748058930336,-0.52748058930336,False,-9.625785128614458e-06,3.0517578125e-06,False
trial,529,529,529,910.3667991771425,910.3667991771425,910.3667991771425,910.3667991771425,3836,1918,0,0,3836,1918,2033080,1016540,4836000.0,4836000.0,2521.376433785193,False,True,3836,1918,0,0,3836,1918,1.52587890625e-06,1.437542458312942,0.24080976054035488,0.24080976054035488,0.24080976054035488,False,-5.054970989393434e-06,1.52587890625e-06,True
trial,530,530,529,910.3668057551301,910.3668057551301,910.3667991771425,910.3667991771425,3836,1918,0,0,3836,1918,2036916,1018458,4836000.0,4836000.0,2521.376433785193,False,True,3836,1918,0,0,3836,1918,3.0517578125e-06,1.5620486755128464,-0.8047329422819298,-0.8047329422819298,-0.8047329422819298,False,-8.174124947390643e-06,3.0517578125e-06,False
trial,531,531,531,910.3667987007018,910.3667987007018,910.3667987007018,910.3667987007018,3836,1918,0,0,3836,1918,2040752,1020376,4836000.0,4836000.0,2521.376433785193,False,True,3836,1918,0,0,3836,1918,1.52587890625e-06,1.5620486755128464,0.10958990936953635,0.10958990936953635,0.10958990936953635,False,-4.347487236196493e-06,1.52587890625e-06,True
trial,532,532,531,910.3668037762428,910.3668037762428,910.3667987007018,910.3667987007018,3836,1918,0,0,3836,1918,2044588,1022294,4836000.0,4836000.0,2521.376433785193,False,True,3836,1918,0,0,3836,1918,3.0517578125e-06,1.4461161140463554,-0.5265264339911153,-0.5265264339911153,-0.5265264339911153,False,-9.639669915937004e-06,3.0517578125e-06,False
trial,533,533,533,910.366797464532,910.366797464532,910.366797464532,910.366797464532,3836,1918,0,0,3836,1918,2048424,1024212,4836000.0,4836000.0,2521.376433785193,False,True,3836,1918,0,0,3836,1918,1.52587890625e-06,1.4461161140463554,0.24337879060257095,0.24337879060257095,0.24337879060257095,False,-5.079200756069398e-06,1.52587890625e-06,True
trial,534,534,533,910.3668040709654,910.3668040709654,910.366797464532,910.366797464532,3836,1918,0,0,3836,1918,2052260,1026130,4836000.0,4836000.0,2521.376433785193,False,True,3836,1918,0,0,3836,1918,3.0517578125e-06,1.5391140102131937,-0.8106735649440676,-0.8106735649440676,-0.8106735649440676,False,-8.149313857671887e-06,3.0517578125e-06,False
trial,535,535,535,910.3667970053482,910.3667970053482,910.3667970053482,910.3667970053482,3836,1918,0,0,3836,1918,2056096,1028048,4836000.0,4836000.0,2521.376433785193,False,True,3836,1918,0,0,3836,1918,1.52587890625e-06,1.5391140102131937,0.10592758220972674,0.10592758220972674,0.10592758220972674,False,-4.3348848001889744e-06,1.52587890625e-06,True
trial,536,536,535,910.3668020212672,910.3668020212672,910.3667970053482,910.3667970053482,3836,1918,0,0,3836,1918,2059932,1029966,4836000.0,4836000.0,2521.376433785193,False,True,3836,1918,0,0,3836,1918,3.0517578125e-06,1.4450368046736526,-0.5183740702520504,-0.5183740702520504,-0.5183740702520504,False,-9.676253645151037e-06,3.0517578125e-06,False
trial,537,537,537,910.3667957592575,910.3667957592575,910.3667957592575,910.3667957592575,3836,1918,0,0,3836,1918,2063768,1031884,4836000.0,4836000.0,2521.376433785193,False,True,3836,1918,0,0,3836,1918,1.52587890625e-06,1.4450368046736526,0.24459972516348813,0.24459972516348813,0.24459972516348813,False,-5.09440773896035e-06,1.52587890625e-06,True
trial,538,538,537,910.3668024047054,910.3668024047054,910.3667957592575,910.3667957592575,3836,1918,0,0,3836,1918,2067604,1033802,4836000.0,4836000.0,2521.376433785193,False,True,3836,1918,0,0,3836,1918,3.0517578125e-06,1.532780970181847,-0.8180773459501419,-0.8180773459501419,-0.8180773459501419,False,-8.123251357548194e-06,3.0517578125e-06,False
trial,539,539,539,910.3667953138172,910.3667953138172,910.3667953138172,910.3667953138172,3836,1918,0,0,3836,1918,2071440,1035720,4836000.0,4836000.0,2521.376433785193,False,True,3836,1918,0,0,3836,1918,1.52587890625e-06,1.532780970181847,0.10304170270561669,0.10304170270561669,0.10304170270561669,False,-4.322912495944866e-06,1.52587890625e-06,True
trial,540,540,539,910.3668003123958,910.3668003123958,910.3667953138172,910.3667953138172,3836,1918,0,0,3836,1918,2075276,1037638,4836000.0,4836000.0,2521.376433785193,False,True,3836,1918,0,0,3836,1918,3.0517578125e-06,1.4702108421102567,-0.514650130296267,-0.514650130296267,-0.514650130296267,False,-9.712576110622305e-06,3.0517578125e-06,False
trial,541,541,541,910.3667940520313,910.3667940520313,910.3667940520313,910.3667940520313,3836,1918,0,0,3836,1918,2079112,1039556,4836000.0,4836000.0,2521.376433785193,False,True,3836,1918,0,0,3836,1918,1.52587890625e-06,1.4702108421102567,0.2468237515477075,0.2468237515477075,0.2468237515477075,False,-5.112092636858972e-06,1.52587890625e-06,True
trial,542,542,541,910.3668006482444,910.3668006482444,910.3667940520313,910.3667940520313,3836,1918,0,0,3836,1918,2082948,1041474,4836000.0,4836000.0,2521.376433785193,False,True,3836,1918,0,0,3836,1918,3.0517578125e-06,1.532786759975542,-0.8153191608229557,-0.8153191608229557,-0.8153191608229557,False,-8.090344756342371e-06,3.0517578125e-06,False
trial,543,543,543,910.3667936139839,910.3667936139839,910.3667936139839,910.3667936139839,3836,1918,0,0,3836,1918,2086784,1043392,4836000.0,4836000.0,2521.376433785193,False,True,3836,1918,0,0,3836,1918,1.52587890625e-06,1.532786759975542,0.10145988995990389,0.10145988995990389,0.10145988995990389,False,-4.31744442773689e-06,1.52587890625e-06,True
trial,544,544,543,910.3667985880516,910.3667985880516,910.3667936139839,910.3667936139839,3836,1918,0,0,3836,1918,2090620,1045310,4836000.0,4836000.0,2521.376433785193,False,True,3836,1918,0,0,3836,1918,3.0517578125e-06,1.4572138882474246,-0.5104418551837098,-0.5104418551837098,-0.5104418551837098,False,-9.744631299565385e-06,3.0517578125e-06,False
trial,545,545,545,910.3667923459136,910.3667923459136,910.3667923459136,910.3667923459136,3836,1918,0,0,3836,1918,2094456,1047228,4836000.0,4836000.0,2521.376433785193,False,True,3836,1918,0,0,3836,1918,1.52587890625e-06,1.4572138882474246,0.24785491012163413,0.24785491012163413,0.24785491012163413,False,-5.116179716924782e-06,1.52587890625e-06,True
trial,546,546,545,910.3667990381347,910.3667990381347,910.3667923459136,910.3667923459136,3836,1918,0,0,3836,1918,2098292,1049146,4836000.0,4836000.0,2521.376433785193,False,True,3836,1918,0,0,3836,1918,3.0517578125e-06,1.5276364489014247,-0.8290314683542611,-0.8290314683542611,-0.8290314683542611,False,-8.072336598773671e-06,3.0517578125e-06,False
trial,547,547,547,910.3667919196532,910.3667919196532,910.3667919196532,910.3667919196532,3836,1918,0,0,3836,1918,2102128,1051064,4836000.0,4836000.0,2521.376433785193,False,True,3836,1918,0,0,3836,1918,1.52587890625e-06,1.5276364489014247,0.09919368416498649,0.09919368416498649,0.09919368416498649,False,-4.297253285826335e-06,1.52587890625e-06,True
trial,548,548,547,910.3667969050448,910.3667969050448,910.3667919196532,910.3667919196532,3836,1918,0,0,3836,1918,2105964,1052982,4836000.0,4836000.0,2521.376433785193,False,True,3836,1918,0,0,3836,1918,3.0517578125e-06,1.4659262594723845,-0.5124198134946535,-0.5124198134946535,-0.5124198134946535,False,-9.729115538662745e-06,3.0517578125e-06,False
trial,549,549,549,910.3667906335382,910.3667906335382,910.3667906335382,910.3667906335382,3836,1918,0,0,3836,1918,2109800,1054900,4836000.0,4836000.0,2521.376433785193,False,True,3836,1918,0,0,3836,1918,1.52587890625e-06,1.4659262594723845,0.2506492931300005,0.2506492931300005,0.2506492931300005,False,-5.1311334805207594e-06,1.52587890625e-06,True
trial,550,550,549,910.3667973131644,910.3667973131644,910.3667906335382,910.3667906335382,3836,1918,0,0,3836,1918,2113636,1056818,4836000.0,4836000.0,2521.376433785193,False,True,3836,1918,0,0,3836,1918,3.0517578125e-06,1.5193137971725297,-0.8295685392137283,-0.8295685392137283,-0.8295685392137283,False,-8.05192800568155e-06,3.0517578125e-06,False
trial,551,551,551,910.3667902257794,910.3667902257794,910.3667902257794,910.3667902257794,3836,1918,0,0,3836,1918,2117472,1058736,4836000.0,4836000.0,2521.376433785193,False,True,3836,1918,0,0,3836,1918,1.52587890625e-06,1.5193137971725297,0.09516256799030304,0.09516256799030304,0.09516256799030304,False,-4.2848662469376045e-06,1.52587890625e-06,True
trial,552,552,551,910.3667951699355,910.3667951699355,910.3667902257794,910.3667902257794,3836,1918,0,0,3836,1918,2121308,1060654,4836000.0,4836000.0,2521.376433785193,False,True,3836,1918,0,0,3836,1918,3.0517578125e-06,1.462560451999663,-0.5057964172175289,-0.5057964172175289,-0.5057964172175289,False,-9.77499233859996e-06,3.0517578125e-06,False
trial,553,553,553,910.3667889351635,910.3667889351635,910.3667889351635,910.3667889351635,3836,1918,0,0,3836,1918,2125144,1062572,4836000.0,4836000.0,2521.376433785193,False,True,3836,1918,0,0,3836,1918,1.52587890625e-06,1.462560451999663,0.25110812054663306,0.25110812054663306,0.25110812054663306,False,-5.139681818907673e-06,1.52587890625e-06,True
trial,554,554,553,910.3667956164662,910.3667956164662,910.3667889351635,910.3667889351635,3836,1918,0,0,3836,1918,2128980,1064490,4836000.0,4836000.0,2521.376433785193,False,True,3836,1918,0,0,3836,1918,3.0517578125e-06,1.5606305642183427,-0.8342870882691303,-0.8342870882691303,-0.8342870882691303,False,-8.008397573531582e-06,3.0517578125e-06,False
trial,555,555,555,910.3667885521431,910.3667885521431,910.3667885521431,910.3667885521431,3836,1918,0,0,3836,1918,2132816,1066408,4836000.0,4836000.0,2521.376433785193,False,True,3836,1918,0,0,3836,1918,1.52587890625e-06,1.5606305642183427,0.08986571483135086,0.08986571483135086,0.08986571483135086,False,-4.262141496459042e-06,1.52587890625e-06,True
trial,556,556,555,910.3667933473384,910.3667933473384,910.3667885521431,910.3667885521431,3836,1918,0,0,3836,1918,2136652,1068326,4836000.0,4836000.0,2521.376433785193,False,True,3836,1918,0,0,3836,1918,3.0517578125e-06,1.468223201884517,-0.4909244131575842,-0.4909244131575842,-0.4909244131575842,False,-9.767685575928786e-06,3.0517578125e-06,False
trial,557,557,557,910.3667872448518,910.3667872448518,910.3667872448518,910.3667872448518,3836,1918,0,0,3836,1918,2140488,1070244,4836000.0,4836000.0,2521.376433785193,False,True,3836,1918,0,0,3836,1918,1.52587890625e-06,1.468223201884517,0.2536047666610831,0.2536047666610831,0.2536047666610831,False,-5.154837310967568e-06,1.52587890625e-06,True
trial,558,558,557,910.366793989821,910.366793989821,910.3667872448518,910.3667872448518,3836,1918,0,0,3836,1918,2144324,1072162,4836000.0,4836000.0,2521.376433785193,False,True,3836,1918,0,0,3836,1918,3.0517578125e-06,1.6105049543830494,-0.8427875254687548,-0.8427875254687548,-0.8427875254687548,False,-8.003166797806147e-06,3.0517578125e-06,False
trial,559,559,559,910.3667868508901,910.3667868508901,910.3667868508901,910.3667868508901,3836,1918,0,0,3836,1918,2148160,1074080,4836000.0,4836000.0,2521.376433785193,False,True,3836,1918,0,0,3836,1918,1.52587890625e-06,1.6105049543830494,0.09243827118773308,0.09243827118773308,0.09243827118773308,False,-4.261889823109344e-06,1.52587890625e-06,True
trial,560,560,559,910.3667917225268,910.3667917225268,910.3667868508901,910.3667868508901,3836,1918,0,0,3836,1918,2151996,1075998,4836000.0,4836000.0,2521.376433785193,False,True,3836,1918,0,0,3836,1918,3.0517578125e-06,1.468145518673537,-0.4953625492174495,-0.4953625492174495,-0.4953625492174495,False,-9.83448739723039e-06,3.0517578125e-06,False
trial,561,561,561,910.3667855363263,910.3667855363263,910.3667855363263,910.3667855363263,3836,1918,0,0,3836,1918,2155832,1077916,4836000.0,4836000.0,2521.376433785193,False,True,3836,1918,0,0,3836,1918,1.52587890625e-06,1.468145518673537,0.2549656089838268,0.2549656089838268,0.2549656089838268,False,-5.155847300289726e-06,1.52587890625e-06,True
trial,562,562,561,910.366792333212,910.366792333212,910.3667855363263,910.3667855363263,3836,1918,0,0,3836,1918,2159668,1079834,4836000.0,4836000.0,2521.376433785193,False,True,3836,1918,0,0,3836,1918,3.0517578125e-06,1.509550969737277,-0.8547903072246634,-0.8547903072246634,-0.8547903072246634,False,-7.951523949999532e-06,3.0517578125e-06,False
trial,563,563,563,910.366785164603,910.366785164603,910.366785164603,910.366785164603,3836,1918,0,0,3836,1918,2163504,1081752,4836000.0,4836000.0,2521.376433785193,False,True,3836,1918,0,0,3836,1918,1.52587890625e-06,1.509550969737277,0.08775415099899578,0.08775415099899578,0.08775415099899578,False,-4.235962937314637e-06,1.52587890625e-06,True
trial,564,564,563,910.3667899031304,910.3667899031304,910.366785164603,910.366785164603,3836,1918,0,0,3836,1918,2167340,1083670,4836000.0,4836000.0,2521.376433785193,False,True,3836,1918,0,0,3836,1918,3.0517578125e-06,1.5703720154413912,-0.4842084274040994,-0.4842084274040994,-0.4842084274040994,False,-9.78613166295163e-06,3.0517578125e-06,False
trial,565,565,565,910.3667838340996,910.3667838340996,910.3667838340996,910.3667838340996,3836,1918,0,0,3836,1918,2171176,1085588,4836000.0,4836000.0,2521.376433785193,False,True,3836,1918,0,0,3836,1918,1.52587890625e-06,1.5703720154413912,0.2573439244773826,0.2573439244773826,0.2573439244773826,False,-5.170137355697935e-06,1.52587890625e-06,True
trial,566,566,565,910.3667906278936,910.3667906278936,910.3667838340996,910.3667838340996,3836,1918,0,0,3836,1918,2175012,1087506,4836000.0,4836000.0,2521.376433785193,False,True,3836,1918,0,0,3836,1918,3.0517578125e-06,1.6564918765368464,-0.8534508479129561,-0.8534508479129561,-0.8534508479129561,False,-7.960381100883586e-06,3.0517578125e-06,False
trial,567,567,567,910.3667834720645,910.3667834720645,910.3667834720645,910.3667834720645,3836,1918,0,0,3836,1918,2178848,1089424,4836000.0,4836000.0,2521.376433785193,False,True,3836,1918,0,0,3836,1918,1.52587890625e-06,1.6564918765368464,0.08550594891003452,0.08550594891003452,0.08550594891003452,False,-4.234033505485996e-06,1.52587890625e-06,True
trial,568,568,567,910.3667883134405,910.3667883134405,910.3667834720645,910.3667834720645,3836,1918,0,0,3836,1918,2182684,1091342,4836000.0,4836000.0,2521.376433785193,False,True,3836,1918,0,0,3836,1918,3.0517578125e-06,1.4823746586473594,-0.49129092502342586,-0.49129092502342586,-0.49129092502342586,False,-9.854397220351366e-06,3.0517578125e-06,False
trial,569,569,569,910.3667821286303,910.3667821286303,910.3667821286303,910.3667821286303,3836,1918,0,0,3836,1918,2186520,1093260,4836000.0,4836000.0,2521.376433785193,False,True,3836,1918,0,0,3836,1918,1.52587890625e-06,1.4823746586473594,0.25880355841897235,0.25880355841897235,0.25880355841897235,False,-5.19094167920991e-06,1.52587890625e-06,True
trial,570,570,569,910.3667889366657,910.3667889366657,910.3667821286303,910.3667821286303,3836,1918,0,0,3836,1918,2190356,1095178,4836000.0,4836000.0,2521.376433785193,False,True,3836,1918,0,0,3836,1918,3.0517578125e-06,1.4969835503177875,-0.8570865777648795,-0.8570865777648795,-0.8570865777648795,False,-7.943229423567866e-06,3.0517578125e-06,False
trial,571,571,571,910.3667817780349,910.3667817780349,910.3667817780349,910.3667817780349,3836,1918,0,0,3836,1918,2194192,1097096,4836000.0,4836000.0,2521.376433785193,False,True,3836,1918,0,0,3836,1918,1.52587890625e-06,1.4969835503177875,0.08326245216425812,0.08326245216425812,0.08326245216425812,False,-4.210726673686165e-06,1.52587890625e-06,True
trial,572,572,571,910.366786609926,910.366786609926,910.3667817780349,910.3667817780349,3836,1918,0,0,3836,1918,2198028,1099014,4836000.0,4836000.0,2521.376433785193,False,True,3836,1918,0,0,3836,1918,3.0517578125e-06,1.484048982601419,-0.4911253745056471,-0.4911253745056471,-0.4911253745056471,False,-9.838406410842098e-06,3.0517578125e-06,False
trial,573,573,573,910.366780441779,910.366780441779,910.366780441779,910.366780441779,3836,1918,0,0,3836,1918,2201864,1100932,4836000.0,4836000.0,2521.376433785193,False,True,3836,1918,0,0,3836,1918,1.52587890625e-06,1.484048982601419,0.2578209204495603,0.2578209204495603,0.2578209204495603,False,-5.182883821740614e-06,1.52587890625e-06,True
trial,574,574,573,910.3667872765493,910.3667872765493,910.366780441779,910.366780441779,3836,1918,0,0,3836,1918,2205700,1102850,4836000.0,4836000.0,2521.376433785193,False,True,3836,1918,0,0,3836,1918,3.0517578125e-06,1.4937927021352617,-0.8623378881057362,-0.8623378881057362,-0.8623378881057362,False,-7.925861028650706e-06,3.0517578125e-06,False
trial,575,575,575,910.3667800839013,910.3667800839013,910.3667800839013,910.3667800839013,3836,1918,0,0,3836,1918,2209536,1104768,4836000.0,4836000.0,2521.376433785193,False,True,3836,1918,0,0,3836,1918,1.52587890625e-06,1.4937927021352617,0.08452975721257312,0.08452975721257312,0.08452975721257312,False,-4.2337487308957324e-06,1.52587890625e-06,True
trial,576,576,575,910.3667848745229,910.3667848745229,910.3667800839013,910.3667800839013,3836,1918,0,0,3836,1918,2213372,1106686,4836000.0,4836000.0,2521.376433785193,False,True,3836,1918,0,0,3836,1918,3.0517578125e-06,1.4984721866294763,-0.4838091515385262,-0.4838091515385262,-0.4838091515385262,False,-9.901882919882673e-06,3.0517578125e-06,False
trial,577,577,577,910.3667787254651,910.3667787254651,910.3667787254651,910.3667787254651,3836,1918,0,0,3836,1918,2217208,1108604,4836000.0,4836000.0,2521.376433785193,False,True,3836,1918,0,0,3836,1918,1.52587890625e-06,1.4984721866294763,0.26102821460185405,0.26102821460185405,0.26102821460185405,False,-5.204173738903313e-06,1.52587890625e-06,True
trial,578,578,577,910.366785533489,910.366785533489,910.3667787254651,910.3667787254651,3836,1918,0,0,3836,1918,2221044,1110522,4836000.0,4836000.0,2521.376433785193,False,True,3836,1918,0,0,3836,1918,3.0517578125e-06,1.4853024165481021,-0.862221896722948,-0.862221896722948,-0.862221896722948,False,-7.895906919728862e-06,3.0517578125e-06,False
trial,579,579,579,910.3667783811387,910.3667783811387,910.3667783811387,910.3667783811387,3836,1918,0,0,3836,1918,2224880,1112440,4836000.0,4836000.0,2521.376433785193,False,True,3836,1918,0,0,3836,1918,1.52587890625e-06,1.4853024165481021,0.08168957179792889,0.08168957179792889,0.08168957179792889,False,-4.215059368946365e-06,1.52587890625e-06,True
trial,580,580,579,910.3667831692446,910.3667831692446,910.3667783811387,910.3667783811387,3836,1918,0,0,3836,1918,2228716,1114358,4836000.0,4836000.0,2521.376433785193,False,True,3836,1918,0,0,3836,1918,3.0517578125e-06,1.5013813976088985,-0.4850828276359989,-0.4850828276359989,-0.4850828276359989,False,-9.870697618984981e-06,3.0517578125e-06,False
trial,581,581,581,910.3667770135918,910.3667770135918,910.3667770135918,910.3667770135918,3836,1918,0,0,3836,1918,2232552,1116276,4836000.0,4836000.0,2521.376433785193,False,True,3836,1918,0,0,3836,1918,1.52587890625e-06,1.5013813976088985,0.2625823664711593,0.2625823664711593,0.2625823664711593,False,-5.208068414533708e-06,1.52587890625e-06,True
trial,582,582,581,910.3667838441002,910.3667838441002,910.3667770135918,910.3667770135918,3836,1918,0,0,3836,1918,2236388,1118194,4836000.0,4836000.0,2521.376433785193,False,True,3836,1918,0,0,3836,1918,3.0517578125e-06,1.4792904291016022,-0.8687482576502722,-0.8687482576502722,-0.8687482576502722,False,-7.862471445028699e-06,3.0517578125e-06,False
trial,583,583,583,910.3667766862017,910.3667766862017,910.3667766862017,910.3667766862017,3836,1918,0,0,3836,1918,2240224,1120112,4836000.0,4836000.0,2521.376433785193,False,True,3836,1918,0,0,3836,1918,1.52587890625e-06,1.4792904291016022,0.07790480284562909,0.07790480284562909,0.07790480284562909,False,-4.202438280023747e-06,1.52587890625e-06,True
trial,584,584,583,910.3667815012025,910.3667815012025,910.3667766862017,910.3667766862017,3836,1918,0,0,3836,1918,2244060,1122030,4836000.0,4836000.0,2521.376433785193,False,True,3836,1918,0,0,3836,1918,3.0517578125e-06,1.5039656483629606,-0.48635463027756043,-0.48635463027756043,-0.48635463027756043,False,-9.900184982733812e-06,3.0517578125e-06,False
trial,585,585,585,910.3667753086298,910.3667753086298,910.3667753086298,910.3667753086298,3836,1918,0,0,3836,1918,2247896,1123948,4836000.0,4836000.0,2521.376433785193,False,True,3836,1918,0,0,3836,1918,1.52587890625e-06,1.5039656483629606,0.2640007076077911,0.2640007076077911,0.2640007076077911,False,-5.218061144096711e-06,1.52587890625e-06,True
trial,586,586,585,910.3667821829571,910.3667821829571,910.3667753086298,910.3667753086298,3836,1918,0,0,3836,1918,2251732,1125866,4836000.0,4836000.0,2521.376433785193,False,True,3836,1918,0,0,3836,1918,3.0517578125e-06,1.5155261013925068,-0.879730262180815,-0.879730262180815,-0.879730262180815,False,-7.814130706325547e-06,3.0517578125e-06,False
trial,587,587,587,910.3667749963146,910.3667749963146,910.3667749963146,910.3667749963146,3836,1918,0,0,3836,1918,2255568,1127784,4836000.0,4836000.0,2521.376433785193,False,True,3836,1918,0,0,3836,1918,1.52587890625e-06,1.5155261013925068,0.0746473893519484,0.0746473893519484,0.0746473893519484,False,-4.183873725600513e-06,1.52587890625e-06,True
trial,588,588,587,910.3667797332364,910.3667797332364,910.3667749963146,910.3667749963146,3836,1918,0,0,3836,1918,2259404,1129702,4836000.0,4836000.0,2521.376433785193,False,True,3836,1918,0,0,3836,1918,3.0517578125e-06,1.53069272726072,-0.47484388960478163,-0.47484388960478163,-0.47484388960478163,False,-9.97574556054776e-06,3.0517578125e-06,False
trial,589,589,589,910.3667736007116,910.3667736007116,910.3667736007116,910.3667736007116,3836,1918,0,0,3836,1918,2263240,1131620,4836000.0,4836000.0,2521.376433785193,False,True,3836,1918,0,0,3836,1918,1.52587890625e-06,1.53069272726072,0.26621781473625933,0.26621781473625933,0.26621781473625933,False,-5.242335202003172e-06,1.52587890625e-06,True
trial,590,590,589,910.366780530946,910.366780530946,910.3667736007116,910.3667736007116,3836,1918,0,0,3836,1918,2267076,1133538,4836000.0,4836000.0,2521.376433785193,False,True,3836,1918,0,0,3836,1918,3.0517578125e-06,1.4715947830038496,-0.8876825904238386,-0.8876825904238386,-0.8876825904238386,False,-7.807108686714412e-06,3.0517578125e-06,False
trial,591,591,591,910.3667732955643,910.3667732955643,910.3667732955643,910.3667732955643,3836,1918,0,0,3836,1918,2270912,1135456,4836000.0,4836000.0,2521.376433785193,False,True,3836,1918,0,0,3836,1918,1.52587890625e-06,1.4715947830038496,0.07299646427792793,0.07299646427792793,0.07299646427792793,False,-4.180302414567885e-06,1.52587890625e-06,True
trial,592,592,591,910.3667780012667,910.3667780012667,910.3667732955643,910.3667732955643,3836,1918,0,0,3836,1918,2274748,1137374,4836000.0,4836000.0,2521.376433785193,False,True,3836,1918,0,0,3836,1918,3.0517578125e-06,1.5084023901565775,-0.47052843591574167,-0.47052843591574167,-0.47052843591574167,False,-1.0000888438761422e-05,3.0517578125e-06,False
trial,593,593,593,910.3667718857342,910.3667718857342,910.3667718857342,910.3667718857342,3836,1918,0,0,3836,1918,2278584,1139292,4836000.0,4836000.0,2521.376433785193,False,True,3836,1918,0,0,3836,1918,1.52587890625e-06,1.5084023901565775,0.26839791787228845,0.26839791787228845,0.26839791787228845,False,-5.252760643654649e-06,1.52587890625e-06,True
trial,594,594,593,910.3667788515822,910.3667788515822,910.3667718857342,910.3667718857342,3836,1918,0,0,3836,1918,2282420,1141210,4836000.0,4836000.0,2521.376433785193,False,True,3836,1918,0,0,3836,1918,3.0517578125e-06,1.4685726690680148,-0.8940399164498722,-0.8940399164498722,-0.8940399164498722,False,-7.791428406450062e-06,3.0517578125e-06,False
trial,595,595,595,910.3667715975079,910.3667715975079,910.3667715975079,910.3667715975079,3836,1918,0,0,3836,1918,2286256,1143128,4836000.0,4836000.0,2521.376433785193,False,True,3836,1918,0,0,3836,1918,1.52587890625e-06,1.4685726690680148,0.06926192028021888,0.06926192028021888,0.06926192028021888,False,-4.161397390615629e-06,1.52587890625e-06,True
trial,596,596,595,910.366776291,910.366776291,910.3667715975079,910.3667715975079,3836,1918,0,0,3836,1918,2290092,1145046,4836000.0,4836000.0,2521.376433785193,False,True,3836,1918,0,0,3836,1918,3.0517578125e-06,1.5198825015570963,-0.4684835562526117,-0.4684835562526117,-0.4684835562526117,False,-1.0018477756123496e-05,3.0517578125e-06,False
trial,597,597,597,910.3667701918221,910.3667701918221,910.3667701918221,910.3667701918221,3836,1918,0,0,3836,1918,2293928,1146964,4836000.0,4836000.0,2521.376433785193,False,True,3836,1918,0,0,3836,1918,1.52587890625e-06,1.5198825015570963,0.26760243628650027,0.26760243628650027,0.26760243628650027,False,-5.25288862481801e-06,1.52587890625e-06,True
trial,598,598,597,910.3667771785863,910.3667771785863,910.3667701918221,910.3667701918221,3836,1918,0,0,3836,1918,2297764,1148882,4836000.0,4836000.0,2521.376433785193,False,True,3836,1918,0,0,3836,1918,3.0517578125e-06,1.6368369580212065,-0.8983149469919196,-0.8983149469919196,-0.8983149469919196,False,-7.77763327106421e-06,3.0517578125e-06,False
trial,599,599,599,910.3667699203808,910.3667699203808,910.3667699203808,910.3667699203808,3836,1918,0,0,3836,1918,2301600,1150800,4836000.0,4836000.0,2521.376433785193,False,True,3836,1918,0,0,3836,1918,1.52587890625e-06,1.6368369580212065,0.0654456251554811,0.0654456251554811,0.0654456251554811,False,-4.147585234254038e-06,1.52587890625e-06,True
