phase,nf,x_index,incumbent_index,active_objective,full_objective,incumbent_active_objective,incumbent_full_objective,active_residuals,active_circuits,new_residuals_revealed,new_circuits_revealed,union_residuals_revealed,union_circuits_revealed,cumulative_eval_residuals,cumulative_eval_circuits,cumulative_shots_revealed,cumulative_eval_shots,shots_per_circuit,fpr_enabled,fpr_use_union_mask,fpr_selected_residuals,fpr_selected_circuits,fpr_new_residuals,fpr_new_circuits,fpr_union_residuals,fpr_union_circuits,delta,ng,rho,rho_active,rho_full,rho_uses_full_objective,mdec,step_norm,accepted
initial,0,0,0,73730.92044466223,73730.92044466223,73730.92044466223,73730.92044466223,3836,1918,3836,1918,3836,1918,3836,1918,537040.0,537040.0,280.0,False,True,3836,1918,3836,1918,3836,1918,0.1,,,,,False,,,True
trial,1,1,1,43652.1201779181,43652.1201779181,43652.1201779181,43652.1201779181,3836,1918,0,0,3836,1918,7672,3836,537040.0,537040.0,280.0,False,True,3836,1918,0,0,3836,1918,0.1,349924.8897169958,14.964652458438573,14.964652458438573,14.964652458438573,False,-2009.9898978798326,0.1,True
trial,2,2,1,69888.63181559672,69888.63181559672,43652.1201779181,43652.1201779181,3836,1918,0,0,3836,1918,11508,5754,537040.0,537040.0,280.0,False,True,3836,1918,0,0,3836,1918,0.2,166232.09718236653,-0.8454401324642183,-0.8454401324642183,-0.8454401324642183,False,-31032.962158073362,0.2,False
trial,3,3,3,29622.660375958585,29622.660375958585,29622.660375958585,29622.660375958585,3836,1918,0,0,3836,1918,15344,7672,537040.0,537040.0,280.0,False,True,3836,1918,0,0,3836,1918,0.1,166232.09718236653,0.4556888770739534,0.4556888770739534,0.4556888770739534,False,-30787.36503740179,0.1,True
trial,4,4,3,85619.1139015716,85619.1139015716,29622.660375958585,29622.660375958585,3836,1918,0,0,3836,1918,19180,9590,537040.0,537040.0,280.0,False,True,3836,1918,0,0,3836,1918,0.2,287602.48911020457,-2.417979969892975,-2.417979969892975,-2.417979969892975,False,-23158.361203501427,0.2,False
trial,5,5,3,49145.999343000745,49145.999343000745,29622.660375958585,29622.660375958585,3836,1918,0,0,3836,1918,23016,11508,537040.0,537040.0,280.0,False,True,3836,1918,0,0,3836,1918,0.1,287602.48911020457,-0.857598620257427,-0.857598620257427,-0.857598620257427,False,-22765.124040406925,0.1,False
trial,6,6,6,21510.55409960095,21510.55409960095,21510.55409960095,21510.55409960095,3836,1918,0,0,3836,1918,26852,13426,547040.0,547040.0,285.21376433785196,False,True,3836,1918,0,0,3836,1918,0.05,291719.20271653106,0.4100627721773833,0.4100627721773833,0.4100627721773833,False,-21580.814554619217,0.05,True
trial,7,7,6,37089.24051934984,37089.24051934984,21510.55409960095,21510.55409960095,3836,1918,0,0,3836,1918,30688,15344,547040.0,547040.0,285.21376433785196,False,True,3836,1918,0,0,3836,1918,0.1,267184.99451413157,-0.8747683270576724,-0.8747683270576724,-0.8747683270576724,False,-17808.928304650206,0.1,False
trial,8,8,8,19313.50301966034,19313.50301966034,19313.50301966034,19313.50301966034,3836,1918,0,0,3836,1918,34524,17262,547040.0,547040.0,285.21376433785196,False,True,3836,1918,0,0,3836,1918,0.05,267184.99451413157,0.12387532272877733,0.12387532272877733,0.12387532272877733,False,-17735.986728777392,0.05,True
trial,9,9,8,34300.0926381581,34300.0926381581,19313.50301966034,19313.50301966034,3836,1918,0,0,3836,1918,38360,19180,547040.0,547040.0,285.21376433785196,False,True,3836,1918,0,0,3836,1918,0.1,298310.9352825256,-1.087578976089853,-1.087578976089853,-1.087578976089853,False,-13779.771352677937,0.1,False
trial,10,10,10,15101.797077840885,15101.797077840885,15101.797077840885,15101.797077840885,3836,1918,0,0,3836,1918,42196,21098,547040.0,547040.0,285.21376433785196,False,True,3836,1918,0,0,3836,1918,0.05,298310.9352825256,0.3108992895359699,0.3108992895359699,0.3108992895359699,False,-13546.849682756114,0.05,True
trial,11,11,11,10257.098327426193,10257.098327426193,10257.098327426193,10257.098327426193,3836,1918,0,0,3836,1918,46032,23016,557040.0,557040.0,290.42752867570385,False,True,3836,1918,0,0,3836,1918,0.1,233188.3540003844,0.45365205438767925,0.45365205438767925,0.45365205438767925,False,-12011.56278846691,0.09191968883635396,True
trial,12,12,11,20010.3345802919,20010.3345802919,10257.098327426193,10257.098327426193,3836,1918,0,0,3836,1918,49868,24934,557040.0,557040.0,290.42752867570385,False,True,3836,1918,0,0,3836,1918,0.2,201103.95265177413,-1.642877439154307,-1.642877439154307,-1.642877439154307,False,-5936.679158419945,0.09753613577109697,False
trial,13,13,11,20044.452883814876,20044.452883814876,10257.098327426193,10257.098327426193,3836,1918,0,0,3836,1918,53704,26852,557040.0,557040.0,290.42752867570385,False,True,3836,1918,0,0,3836,1918,0.1,201103.95265177413,-1.6486244478932746,-1.6486244478932746,-1.6486244478932746,False,-5936.679253359149,0.09778577256602128,False
trial,14,14,11,14575.740140006861,14575.740140006861,10257.098327426193,10257.098327426193,3836,1918,0,0,3836,1918,57540,28770,557040.0,557040.0,290.42752867570385,False,True,3836,1918,0,0,3836,1918,0.05,201103.95265177413,-0.7275193924000617,-0.7275193924000617,-0.7275193924000617,False,-5936.119171110499,0.05,False
trial,15,15,15,6441.737224873721,6441.737224873721,6441.737224873721,6441.737224873721,3836,1918,0,0,3836,1918,61376,30688,557040.0,557040.0,290.42752867570385,False,True,3836,1918,0,0,3836,1918,0.025,201103.95265177413,0.6442931439721543,0.6442931439721543,0.6442931439721543,False,-5921.778212678556,0.025,True
trial,16,16,15,13244.678984112483,13244.678984112483,6762.96724066028,6762.96724066028,3836,1918,0,0,3836,1918,65212,32606,567040.0,567040.0,295.6412930135558,False,True,3836,1918,0,0,3836,1918,0.05,137002.3078032987,-1.1803916301937958,-1.1803916301937958,-1.1803916301937958,False,-5491.153594835335,0.05,False
trial,17,17,17,4699.531609261607,4699.531609261607,4699.531609261607,4699.531609261607,3836,1918,0,0,3836,1918,69048,34524,567040.0,567040.0,295.6412930135558,False,True,3836,1918,0,0,3836,1918,0.025,137002.3078032987,0.4144224312094862,0.4144224312094862,0.4144224312094862,False,-4979.063573794896,0.025,True
trial,18,18,17,8561.645961347704,8561.645961347704,4699.531609261607,4699.531609261607,3836,1918,0,0,3836,1918,72884,36442,567040.0,567040.0,295.6412930135558,False,True,3836,1918,0,0,3836,1918,0.05,158963.22750999962,-1.0975300384787088,-1.0975300384787088,-1.0975300384787088,False,-3518.9144867865216,0.05,False
trial,19,19,19,2994.2394980608833,2994.2394980608833,2994.2394980608833,2994.2394980608833,3836,1918,0,0,3836,1918,76720,38360,567040.0,567040.0,295.6412930135558,False,True,3836,1918,0,0,3836,1918,0.025,158963.22750999962,0.48605610913538483,0.48605610913538483,0.48605610913538483,False,-3508.426453551139,0.025,True
trial,20,20,19,6646.830024904288,6646.830024904288,2994.2394980608833,2994.2394980608833,3836,1918,0,0,3836,1918,80556,40278,567040.0,567040.0,295.6412930135558,False,True,3836,1918,0,0,3836,1918,0.05,148013.6830577129,-1.8339185218973155,-1.8339185218973155,-1.8339185218973155,False,-1991.686371684903,0.0493117896541106,False
trial,21,21,21,3058.2581094192374,3058.2581094192374,3058.2581094192374,3058.2581094192374,3836,1918,0,0,3836,1918,84392,42196,577040.0,577040.0,300.8550573514077,False,True,3836,1918,0,0,3836,1918,0.025,151015.49576845206,0.04807076332655649,0.04807076332655649,0.04807076332655649,False,-2154.1202296525444,0.025,True
trial,22,22,22,1618.161342691573,1618.161342691573,1618.161342691573,1618.161342691573,3836,1918,0,0,3836,1918,88228,44114,577040.0,577040.0,300.8550573514077,False,True,3836,1918,0,0,3836,1918,0.0125,94822.57538628699,0.7438835400028002,0.7438835400028002,0.7438835400028002,False,-1935.9169672207606,0.0125,True
trial,23,23,22,3342.343092524999,3342.343092524999,1618.161342691573,1618.161342691573,3836,1918,0,0,3836,1918,92064,46032,577040.0,577040.0,300.8550573514077,False,True,3836,1918,0,0,3836,1918,0.025,51226.91419136806,-2.5623498971694305,-2.5623498971694305,-2.5623498971694305,False,-672.8908303031097,0.025,False
trial,24,24,24,1521.031219842409,1521.031219842409,1521.031219842409,1521.031219842409,3836,1918,0,0,3836,1918,95900,47950,577040.0,577040.0,300.8550573514077,False,True,3836,1918,0,0,3836,1918,0.0125,51226.91419136806,0.1447726214235385,0.1447726214235385,0.1447726214235385,False,-670.91499686951,0.0125,True
trial,25,25,24,2648.633807290408,2648.633807290408,1521.031219842409,1521.031219842409,3836,1918,0,0,3836,1918,99736,49868,577040.0,577040.0,300.8550573514077,False,True,3836,1918,0,0,3836,1918,0.025,54595.12570004516,-1.947136610696282,-1.947136610696282,-1.947136610696282,False,-579.108102253173,0.025,False
trial,26,26,26,1396.8080172366076,1396.8080172366076,1396.8080172366076,1396.8080172366076,3836,1918,0,0,3836,1918,103572,51786,587040.0,587040.0,306.06882168925966,False,True,3836,1918,0,0,3836,1918,0.0125,62963.34188761795,0.3182107081330221,0.3182107081330221,0.3182107081330221,False,-665.7003853293088,0.0125,True
trial,27,27,26,1711.2943374820225,1711.2943374820225,1396.8080172366076,1396.8080172366076,3836,1918,0,0,3836,1918,107408,53704,587040.0,587040.0,306.06882168925966,False,True,3836,1918,0,0,3836,1918,0.025,49650.25022667468,-0.6776691558310276,-0.6776691558310276,-0.6776691558310276,False,-464.0705830262547,0.022434332486042975,False
trial,28,28,28,1343.9662599722144,1343.9662599722144,1343.9662599722144,1343.9662599722144,3836,1918,0,0,3836,1918,111244,55622,587040.0,587040.0,306.06882168925966,False,True,3836,1918,0,0,3836,1918,0.0125,49650.25022667468,0.11404846995297584,0.11404846995297584,0.11404846995297584,False,-463.32719137907577,0.0125,True
trial,29,29,28,2449.096189432328,2449.096189432328,1343.9662599722144,1343.9662599722144,3836,1918,0,0,3836,1918,115080,57540,587040.0,587040.0,306.06882168925966,False,True,3836,1918,0,0,3836,1918,0.025,46755.65969567276,-2.702917278721369,-2.702917278721369,-2.702917278721369,False,-408.8656127807589,0.025,False
trial,30,30,28,1480.52506598977,1480.52506598977,1343.9662599722144,1343.9662599722144,3836,1918,0,0,3836,1918,118916,59458,587040.0,587040.0,306.06882168925966,False,True,3836,1918,0,0,3836,1918,0.0125,46755.65969567276,-0.3350919135447293,-0.3350919135447293,-0.3350919135447293,False,-407.5264143887709,0.0125,False
trial,31,31,31,1038.288194232706,1038.288194232706,1038.288194232706,1038.288194232706,3836,1918,0,0,3836,1918,122752,61376,597040.0,597040.0,311.28258602711156,False,True,3836,1918,0,0,3836,1918,0.00625,50321.359259591256,0.7834936428114555,0.7834936428114555,0.7834936428114555,False,-431.6926767730895,0.00625,True
trial,32,32,31,1644.8511415882233,1644.8511415882233,1038.288194232706,1038.288194232706,3836,1918,0,0,3836,1918,126588,63294,597040.0,597040.0,311.28258602711156,False,True,3836,1918,0,0,3836,1918,0.0125,26693.68399295445,-5.80410638551298,-5.80410638551298,-5.80410638551298,False,-104.50582864392275,0.0125,False
trial,33,33,31,1063.2144986582875,1063.2144986582875,1038.288194232706,1038.288194232706,3836,1918,0,0,3836,1918,130424,65212,597040.0,597040.0,311.28258602711156,False,True,3836,1918,0,0,3836,1918,0.00625,26693.68399295445,-0.2417341190181033,-0.2417341190181033,-0.2417341190181033,False,-103.11454802834352,0.00625,False
trial,34,34,34,949.8027565928353,949.8027565928353,949.8027565928353,949.8027565928353,3836,1918,0,0,3836,1918,134260,67130,597040.0,597040.0,311.28258602711156,False,True,3836,1918,0,0,3836,1918,0.003125,26693.68399295445,0.8747741628610017,0.8747741628610017,0.8747741628610017,False,-101.15232181809503,0.003125,True
trial,35,35,34,1133.825763046734,1133.825763046734,949.8027565928353,949.8027565928353,3836,1918,0,0,3836,1918,138096,69048,597040.0,597040.0,311.28258602711156,False,True,3836,1918,0,0,3836,1918,0.00625,14014.171229595122,-13.698122312174329,-13.698122312174329,-13.698122312174329,False,-13.434177492366716,0.00625,False
trial,36,36,34,970.9200671559527,970.9200671559527,950.1106357615715,950.1106357615715,3836,1918,0,0,3836,1918,141932,70966,607040.0,607040.0,316.4963503649635,False,True,3836,1918,0,0,3836,1918,0.003125,21069.450354465363,-1.5130119269370639,-1.5130119269370639,-1.5130119269370639,False,-13.753646632850858,0.003125,False
trial,37,37,37,939.7622306840631,939.7622306840631,939.7622306840631,939.7622306840631,3836,1918,0,0,3836,1918,145768,72884,607040.0,607040.0,316.4963503649635,False,True,3836,1918,0,0,3836,1918,0.0015625,21069.450354465363,0.8274693566640858,0.8274693566640858,0.8274693566640858,False,-12.50608858704774,0.0015625,True
trial,38,38,37,974.98536154,974.98536154,939.7622306840631,939.7622306840631,3836,1918,0,0,3836,1918,149604,74802,607040.0,607040.0,316.4963503649635,False,True,3836,1918,0,0,3836,1918,0.003125,7675.616403884462,-7.6282221311760114,-7.6282221311760114,-7.6282221311760114,False,-4.617475769613792,0.003125,False
trial,39,39,37,940.2597828972231,940.2597828972231,939.7622306840631,939.7622306840631,3836,1918,0,0,3836,1918,153440,76720,607040.0,607040.0,316.4963503649635,False,True,3836,1918,0,0,3836,1918,0.0015625,7675.616403884462,-0.1373632552935394,-0.1373632552935394,-0.1373632552935394,False,-3.622163817367114,0.0015625,False
trial,40,40,40,937.5753411782819,937.5753411782819,937.5753411782819,937.5753411782819,3836,1918,0,0,3836,1918,157276,78638,607040.0,607040.0,316.4963503649635,False,True,3836,1918,0,0,3836,1918,0.00078125,7675.616403884462,0.7698234859174586,0.7698234859174586,0.7698234859174586,False,-2.840767456159022,0.00078125,True
trial,41,41,40,946.2007289029818,946.2007289029818,944.7434263468144,944.7434263468144,3836,1918,0,0,3836,1918,161112,80556,617040.0,617040.0,321.7101147028154,False,True,3836,1918,0,0,3836,1918,0.0015625,7430.167079675993,-0.6617847523157053,-0.6617847523157053,-0.6617847523157053,False,-2.202079378631857,0.0015625,False
trial,42,42,42,943.2537763128124,943.2537763128124,943.2537763128124,943.2537763128124,3836,1918,0,0,3836,1918,164948,82474,617040.0,617040.0,321.7101147028154,False,True,3836,1918,0,0,3836,1918,0.00078125,7430.167079675993,0.8490987276439396,0.8490987276439396,0.8490987276439396,False,-1.7543896669536405,0.00078125,True
trial,43,43,42,945.5543417566277,945.5543417566277,943.2537763128124,943.2537763128124,3836,1918,0,0,3836,1918,168784,84392,617040.0,617040.0,321.7101147028154,False,True,3836,1918,0,0,3836,1918,0.0015625,3175.6867620280964,-2.6241039193016524,-2.6241039193016524,-2.6241039193016524,False,-0.8767051590043261,0.0015625,False
trial,44,44,44,942.8724297446694,942.8724297446694,942.8724297446694,942.8724297446694,3836,1918,0,0,3836,1918,172620,86310,617040.0,617040.0,321.7101147028154,False,True,3836,1918,0,0,3836,1918,0.00078125,3175.6867620280964,0.5353269329609514,0.5353269329609514,0.5353269329609514,False,-0.7123620065849763,0.00078125,True
trial,45,45,44,944.483196349851,944.483196349851,942.8724297446694,942.8724297446694,3836,1918,0,0,3836,1918,176456,88228,617040.0,617040.0,321.7101147028154,False,True,3836,1918,0,0,3836,1918,0.0015625,4135.292496172502,-2.6701481257653152,-2.6701481257653152,-2.6701481257653152,False,-0.6032499057407071,0.0015625,False
trial,46,46,46,940.4135522564362,940.4135522564362,940.4135522564362,940.4135522564362,3836,1918,0,0,3836,1918,180292,90146,627040.0,627040.0,326.9238790406674,False,True,3836,1918,0,0,3836,1918,0.00078125,9333.720662545968,0.804981037427833,0.804981037427833,0.804981037427833,False,-1.321001099063914,0.00078125,True
trial,47,47,46,942.7270435221383,942.7270435221383,940.4135522564362,940.4135522564362,3836,1918,0,0,3836,1918,184128,92064,627040.0,627040.0,326.9238790406674,False,True,3836,1918,0,0,3836,1918,0.0015625,3427.4934285620825,-5.620568439983565,-5.620568439983565,-5.620568439983565,False,-0.4116116172955666,0.0015625,False
trial,48,48,46,940.4211594958865,940.4211594958865,940.4135522564362,940.4135522564362,3836,1918,0,0,3836,1918,187964,93982,627040.0,627040.0,326.9238790406674,False,True,3836,1918,0,0,3836,1918,0.00078125,3427.4934285620825,-0.02157277872613917,-0.02157277872613917,-0.02157277872613917,False,-0.35263141326698483,0.00078125,False
trial,49,49,49,940.1537733736626,940.1537733736626,940.1537733736626,940.1537733736626,3836,1918,0,0,3836,1918,191800,95900,627040.0,627040.0,326.9238790406674,False,True,3836,1918,0,0,3836,1918,0.000390625,3427.4934285620825,0.8447370441665122,0.8447370441665122,0.8447370441665122,False,-0.3075263297230396,0.000390625,True
trial,50,50,49,940.6164111748701,940.6164111748701,940.1537733736626,940.1537733736626,3836,1918,0,0,3836,1918,195636,97818,627040.0,627040.0,326.9238790406674,False,True,3836,1918,0,0,3836,1918,0.00078125,1729.1071911918825,-2.7299816430156456,-2.7299816430156456,-2.7299816430156456,False,-0.16946553556179172,0.00078125,False
trial,51,51,51,937.6782015089151,937.6782015089151,937.6782015089151,937.6782015089151,3836,1918,0,0,3836,1918,199472,99736,637040.0,637040.0,332.1376433785193,False,True,3836,1918,0,0,3836,1918,0.000390625,5087.779620150329,0.97763117702451,0.97763117702451,0.97763117702451,False,-0.9704770169746638,0.000390625,True
trial,52,52,51,937.867753083335,937.867753083335,937.6782015089151,937.6782015089151,3836,1918,0,0,3836,1918,203308,101654,637040.0,637040.0,332.1376433785193,False,True,3836,1918,0,0,3836,1918,0.00078125,2227.729818137376,-0.8678826205574679,-0.8678826205574679,-0.8678826205574679,False,-0.2184069250034032,0.00078125,False
trial,53,53,53,937.5880167708428,937.5880167708428,937.5880167708428,937.5880167708428,3836,1918,0,0,3836,1918,207144,103572,637040.0,637040.0,332.1376433785193,False,True,3836,1918,0,0,3836,1918,0.000390625,2227.729818137376,0.6505845810648248,0.6505845810648248,0.6505845810648248,False,-0.1386210812507203,0.000390625,True
trial,54,54,53,937.7499873100188,937.7499873100188,937.5880167708428,937.5880167708428,3836,1918,0,0,3836,1918,210980,105490,637040.0,637040.0,332.1376433785193,False,True,3836,1918,0,0,3836,1918,0.00078125,1851.025663325151,-1.0195767247903238,-1.0195767247903238,-1.0195767247903238,False,-0.15886056952631725,0.00078125,False
trial,55,55,55,937.5298024760988,937.5298024760988,937.5298024760988,937.5298024760988,3836,1918,0,0,3836,1918,214816,107408,637040.0,637040.0,332.1376433785193,False,True,3836,1918,0,0,3836,1918,0.000390625,1851.025663325151,0.5423375977175555,0.5423375977175555,0.5423375977175555,False,-0.1073395888263293,0.000390625,True
trial,56,56,56,935.2062976878268,935.2062976878268,935.2062976878268,935.2062976878268,3836,1918,0,0,3836,1918,218652,109326,647040.0,647040.0,337.3514077163712,False,True,3836,1918,0,0,3836,1918,0.00078125,7050.577529232759,0.2411245221979295,0.2411245221979295,0.2411245221979295,False,-0.7359016964919964,0.00078125,True
trial,57,57,56,937.8179133200554,937.8179133200554,935.2062976878268,935.2062976878268,3836,1918,0,0,3836,1918,222488,111244,647040.0,647040.0,337.3514077163712,False,True,3836,1918,0,0,3836,1918,0.0015625,6367.515952346932,-3.3533823482839757,-3.3533823482839757,-3.3533823482839757,False,-0.7788004351979141,0.0015625,False
trial,58,58,58,935.0569445637942,935.0569445637942,935.0569445637942,935.0569445637942,3836,1918,0,0,3836,1918,226324,113162,647040.0,647040.0,337.3514077163712,False,True,3836,1918,0,0,3836,1918,0.00078125,6367.515952346932,0.23107735103550778,0.23107735103550778,0.23107735103550778,False,-0.6463338936650551,0.00078125,True
trial,59,59,58,938.3822720265756,938.3822720265756,935.0569445637942,935.0569445637942,3836,1918,0,0,3836,1918,230160,115080,647040.0,647040.0,337.3514077163712,False,True,3836,1918,0,0,3836,1918,0.0015625,4931.170500820796,-4.68455021161912,-4.68455021161912,-4.68455021161912,False,-0.7098498922123957,0.0015625,False
trial,60,60,58,935.1318967756356,935.1318967756356,935.0569445637942,935.0569445637942,3836,1918,0,0,3836,1918,233996,116998,647040.0,647040.0,337.3514077163712,False,True,3836,1918,0,0,3836,1918,0.00078125,4931.170500820796,-0.13234705300021318,-0.13234705300021318,-0.13234705300021318,False,-0.5663307957545316,0.00078125,False
trial,61,61,61,934.0539657075476,934.0539657075476,934.0539657075476,934.0539657075476,3836,1918,0,0,3836,1918,237832,118916,657040.0,657040.0,342.5651720542231,False,True,3836,1918,0,0,3836,1918,0.000390625,11292.895058599996,0.9528203541545243,0.9528203541545243,0.9528203541545243,False,-0.9060321185764537,0.000390625,True
trial,62,62,61,934.2643932210792,934.2643932210792,934.0539657075476,934.0539657075476,3836,1918,0,0,3836,1918,241668,120834,657040.0,657040.0,342.5651720542231,False,True,3836,1918,0,0,3836,1918,0.00078125,1317.6678672906573,-1.0524844019580328,-1.0524844019580328,-1.0524844019580328,False,-0.19993409226790954,0.00078125,False
trial,63,63,63,933.971550781087,933.971550781087,933.971550781087,933.971550781087,3836,1918,0,0,3836,1918,245504,122752,657040.0,657040.0,342.5651720542231,False,True,3836,1918,0,0,3836,1918,0.000390625,1317.6678672906573,0.642067163418563,0.642067163418563,0.642067163418563,False,-0.12835873122963098,0.000390625,True
trial,64,64,63,934.4472285506731,934.4472285506731,933.971550781087,933.971550781087,3836,1918,0,0,3836,1918,249340,124670,657040.0,657040.0,342.5651720542231,False,True,3836,1918,0,0,3836,1918,0.00078125,1523.639336889032,-2.4867789120612636,-2.4867789120612636,-2.4867789120612636,False,-0.19128269396166117,0.00078125,False
trial,65,65,65,933.9138822990801,933.9138822990801,933.9138822990801,933.9138822990801,3836,1918,0,0,3836,1918,253176,126588,657040.0,657040.0,342.5651720542231,False,True,3836,1918,0,0,3836,1918,0.000390625,1523.639336889032,0.4754832922334289,0.4754832922334289,0.4754832922334289,False,-0.12128392931746534,0.000390625,True
trial,66,66,66,938.4416766144343,938.4416766144343,938.4416766144343,938.4416766144343,3836,1918,0,0,3836,1918,257012,128506,667040.0,667040.0,347.7789363920751,False,True,3836,1918,0,0,3836,1918,0.00078125,11201.344540167525,0.07052377927167795,0.07052377927167795,0.07052377927167795,False,-0.700002713844174,0.00078125,True
trial,67,67,66,942.2033941196152,942.2033941196152,938.4416766144343,938.4416766144343,3836,1918,0,0,3836,1918,260848,130424,667040.0,667040.0,347.7789363920751,False,True,3836,1918,0,0,3836,1918,0.0015625,4344.689485789539,-4.1516063061176425,-4.1516063061176425,-4.1516063061176425,False,-0.9060872413739561,0.0015625,False
trial,68,68,68,938.0367382612867,938.0367382612867,938.0367382612867,938.0367382612867,3836,1918,0,0,3836,1918,264684,132342,667040.0,667040.0,347.7789363920751,False,True,3836,1918,0,0,3836,1918,0.00078125,4344.689485789539,0.4972268029563134,0.4972268029563134,0.4972268029563134,False,-0.8143936544450073,0.00078125,True
trial,69,69,68,941.5018287903482,941.5018287903482,938.0367382612867,938.0367382612867,3836,1918,0,0,3836,1918,268520,134260,667040.0,667040.0,347.7789363920751,False,True,3836,1918,0,0,3836,1918,0.0015625,4921.637420180878,-6.449424387052897,-6.449424387052897,-6.449424387052897,False,-0.537271285173545,0.0015625,False
trial,70,70,68,938.0699869010054,938.0699869010054,938.0367382612867,938.0367382612867,3836,1918,0,0,3836,1918,272356,136178,667040.0,667040.0,347.7789363920751,False,True,3836,1918,0,0,3836,1918,0.00078125,4921.637420180878,-0.06672177505577172,-0.06672177505577172,-0.06672177505577172,False,-0.49831767351749023,0.00078125,False
trial,71,71,71,938.2925418646751,938.2925418646751,938.2925418646751,938.2925418646751,3836,1918,0,0,3836,1918,276192,138096,677040.0,677040.0,352.992700729927,False,True,3836,1918,0,0,3836,1918,0.000390625,8244.72047383668,0.8554832742522496,0.8554832742522496,0.8554832742522496,False,-0.8528709825971965,0.000390625,True
trial,72,72,71,938.9547312684331,938.9547312684331,938.2925418646751,938.2925418646751,3836,1918,0,0,3836,1918,280028,140014,677040.0,677040.0,352.992700729927,False,True,3836,1918,0,0,3836,1918,0.00078125,1633.3815511648515,-2.6133806193270606,-2.6133806193270606,-2.6133806193270606,False,-0.2533842176913873,0.00078125,False
trial,73,73,73,938.2444674229171,938.2444674229171,938.2444674229171,938.2444674229171,3836,1918,0,0,3836,1918,283864,141932,677040.0,677040.0,352.992700729927,False,True,3836,1918,0,0,3836,1918,0.000390625,1633.3815511648515,0.2900183249749027,0.2900183249749027,0.2900183249749027,False,-0.16576346257482222,0.000390625,True
trial,74,74,73,938.7917110019247,938.7917110019247,938.2444674229171,938.2444674229171,3836,1918,0,0,3836,1918,287700,143850,677040.0,677040.0,352.992700729927,False,True,3836,1918,0,0,3836,1918,0.00078125,1521.2559361045853,-1.9171580157926134,-1.9171580157926134,-1.9171580157926134,False,-0.28544521343555795,0.00078125,False
trial,75,75,75,938.1914198828529,938.1914198828529,938.1914198828529,938.1914198828529,3836,1918,0,0,3836,1918,291536,145768,677040.0,677040.0,352.992700729927,False,True,3836,1918,0,0,3836,1918,0.000390625,1521.2559361045853,0.26025108993333396,0.26025108993333396,0.26025108993333396,False,-0.20383215331696658,0.000390625,True
trial,76,76,75,940.2547081405739,940.2547081405739,940.2071600229863,940.2071600229863,3836,1918,0,0,3836,1918,295372,147686,687040.0,687040.0,358.20646506777894,False,True,3836,1918,0,0,3836,1918,0.00078125,10551.010424379965,-0.04652265088528373,-0.04652265088528373,-0.04652265088528373,False,-1.0220423102052272,0.00078125,False
trial,77,77,77,939.5474303307807,939.5474303307807,939.5474303307807,939.5474303307807,3836,1918,0,0,3836,1918,299208,149604,687040.0,687040.0,358.20646506777894,False,True,3836,1918,0,0,3836,1918,0.000390625,10551.010424379965,0.788653760682967,0.788653760682967,0.788653760682967,False,-0.8365264011855692,0.000390625,True
trial,78,78,77,940.2905265716918,940.2905265716918,939.5474303307807,939.5474303307807,3836,1918,0,0,3836,1918,303044,151522,687040.0,687040.0,358.20646506777894,False,True,3836,1918,0,0,3836,1918,0.00078125,1531.962540385259,-1.5939224048584844,-1.5939224048584844,-1.5939224048584844,False,-0.4662060327692436,0.00078125,False
trial,79,79,79,939.462184476993,939.462184476993,939.462184476993,939.462184476993,3836,1918,0,0,3836,1918,306880,153440,687040.0,687040.0,358.20646506777894,False,True,3836,1918,0,0,3836,1918,0.000390625,1531.962540385259,0.2792333218170682,0.2792333218170682,0.2792333218170682,False,-0.30528539084432477,0.000390625,True
trial,80,80,79,940.6084759657458,940.6084759657458,939.462184476993,939.462184476993,3836,1918,0,0,3836,1918,310716,155358,687040.0,687040.0,358.20646506777894,False,True,3836,1918,0,0,3836,1918,0.00078125,1900.3330755399436,-2.3426414336882204,-2.3426414336882204,-2.3426414336882204,False,-0.4893158091838682,0.00078125,False
trial,81,81,81,943.0575704357252,943.0575704357252,943.0575704357252,943.0575704357252,3836,1918,0,0,3836,1918,314552,157276,698405.0,698405.0,364.13190823774767,False,True,3836,1918,0,0,3836,1918,0.000390625,5008.862607428311,0.893749831200885,0.893749831200885,0.893749831200885,False,-1.026037361185048,0.000390625,True
trial,82,82,81,943.780098287101,943.780098287101,943.0575704357252,943.0575704357252,3836,1918,0,0,3836,1918,318388,159194,698405.0,698405.0,364.13190823774767,False,True,3836,1918,0,0,3836,1918,0.00078125,1078.2063111668804,-2.033622784949065,-2.033622784949065,-2.033622784949065,False,-0.35529098942208237,0.00078125,False
trial,83,83,83,943.0326789084916,943.0326789084916,943.0326789084916,943.0326789084916,3836,1918,0,0,3836,1918,322224,161112,698405.0,698405.0,364.13190823774767,False,True,3836,1918,0,0,3836,1918,0.000390625,1078.2063111668804,0.11676495563074553,0.11676495563074553,0.11676495563074553,False,-0.2131763515790241,0.000390625,True
trial,84,84,83,943.6313025982884,943.6313025982884,943.0326789084916,943.0326789084916,3836,1918,0,0,3836,1918,326060,163030,698405.0,698405.0,364.13190823774767,False,True,3836,1918,0,0,3836,1918,0.00078125,1418.4703558367517,-1.5839359373931066,-1.5839359373931066,-1.5839359373931066,False,-0.37793428109348287,0.00078125,False
trial,85,85,85,942.9537501823536,942.9537501823536,942.9537501823536,942.9537501823536,3836,1918,0,0,3836,1918,329896,164948,698405.0,698405.0,364.13190823774767,False,True,3836,1918,0,0,3836,1918,0.000390625,1418.4703558367517,0.28761778620380746,0.28761778620380746,0.28761778620380746,False,-0.2744222712361911,0.000390625,True
trial,86,86,85,945.1078252942914,945.1078252942914,944.5897378447889,944.5897378447889,3836,1918,0,0,3836,1918,333732,166866,708405.0,708405.0,369.34567257559956,False,True,3836,1918,0,0,3836,1918,0.00078125,6711.247674443681,-0.5287379557475532,-0.5287379557475532,-0.5287379557475532,False,-0.9798567397529659,0.00078125,False
trial,87,87,87,944.1307362916368,944.1307362916368,944.1307362916368,944.1307362916368,3836,1918,0,0,3836,1918,337568,168784,708405.0,708405.0,369.34567257559956,False,True,3836,1918,0,0,3836,1918,0.000390625,6711.247674443681,0.6212673473304666,0.6212673473304666,0.6212673473304666,False,-0.7388148679057596,0.000390625,True
trial,88,88,87,944.8099560041926,944.8099560041926,944.1307362916368,944.1307362916368,3836,1918,0,0,3836,1918,341404,170702,708405.0,708405.0,369.34567257559956,False,True,3836,1918,0,0,3836,1918,0.00078125,1783.886347695945,-1.2848575142639058,-1.2848575142639058,-1.2848575142639058,False,-0.5286342687927559,0.00078125,False
trial,89,89,89,943.977439157179,943.977439157179,943.977439157179,943.977439157179,3836,1918,0,0,3836,1918,345240,172620,708405.0,708405.0,369.34567257559956,False,True,3836,1918,0,0,3836,1918,0.000390625,1783.886347695945,0.41230834967705077,0.41230834967705077,0.41230834967705077,False,-0.3718021586948293,0.000390625,True
trial,90,90,89,945.0011616270028,945.0011616270028,943.977439157179,943.977439157179,3836,1918,0,0,3836,1918,349076,174538,708405.0,708405.0,369.34567257559956,False,True,3836,1918,0,0,3836,1918,0.00078125,1849.0092827184012,-2.2616662003250037,-2.2616662003250037,-2.2616662003250037,False,-0.4526408316473615,0.00078125,False
trial,91,91,91,939.3897420108765,939.3897420108765,939.3897420108765,939.3897420108765,3836,1918,0,0,3836,1918,352912,176456,723680.0,723680.0,377.3096976016684,False,True,3836,1918,0,0,3836,1918,0.000390625,7823.973468411521,0.6833421341733815,0.6833421341733815,0.6833421341733815,False,-1.0292585912999952,0.000390625,True
trial,92,92,91,940.1109823298673,940.1109823298673,939.3897420108765,939.3897420108765,3836,1918,0,0,3836,1918,356748,178374,723680.0,723680.0,377.3096976016684,False,True,3836,1918,0,0,3836,1918,0.00078125,1866.1591153099682,-1.134196530319632,-1.134196530319632,-1.134196530319632,False,-0.6359041838961889,0.00078125,False
trial,93,93,93,939.2395433727775,939.2395433727775,939.2395433727775,939.2395433727775,3836,1918,0,0,3836,1918,360584,180292,723680.0,723680.0,377.3096976016684,False,True,3836,1918,0,0,3836,1918,0.000390625,1866.1591153099682,0.3151219529124492,0.3151219529124492,0.3151219529124492,False,-0.4766365424904477,0.000390625,True
trial,94,94,93,940.4415913618213,940.4415913618213,939.2395433727775,939.2395433727775,3836,1918,0,0,3836,1918,364420,182210,723680.0,723680.0,377.3096976016684,False,True,3836,1918,0,0,3836,1918,0.00078125,2287.211292238872,-2.0312851348755556,-2.0312851348755556,-2.0312851348755556,False,-0.5917672356311112,0.00078125,False
trial,95,95,95,939.2136032947177,939.2136032947177,939.2136032947177,939.2136032947177,3836,1918,0,0,3836,1918,368256,184128,723680.0,723680.0,377.3096976016684,False,True,3836,1918,0,0,3836,1918,0.000390625,2287.211292238872,0.06771332503103694,0.06771332503103694,0.06771332503103694,False,-0.38308675652645585,0.000390625,True
trial,96,96,95,938.7049684545603,938.7049684545603,938.2683277009803,938.2683277009803,3836,1918,0,0,3836,1918,372092,186046,733680.0,733680.0,382.52346193952036,False,True,3836,1918,0,0,3836,1918,0.00078125,8881.16846943291,-0.34198703188652346,-0.34198703188652346,-0.34198703188652346,False,-1.2767757630205123,0.00078125,False
trial,97,97,97,937.5810097003279,937.5810097003279,937.5810097003279,937.5810097003279,3836,1918,0,0,3836,1918,375928,187964,733680.0,733680.0,382.52346193952036,False,True,3836,1918,0,0,3836,1918,0.000390625,8881.16846943291,0.6938729870321227,0.6938729870321227,0.6938729870321227,False,-0.9905530457271343,0.000390625,True
trial,98,98,97,938.9875625187103,938.9875625187103,937.5810097003279,937.5810097003279,3836,1918,0,0,3836,1918,379764,189882,733680.0,733680.0,382.52346193952036,False,True,3836,1918,0,0,3836,1918,0.00078125,1334.5627404526847,-2.3249021351667776,-2.3249021351667776,-2.3249021351667776,False,-0.6049944198109508,0.00078125,False
trial,99,99,99,937.5798441417879,937.5798441417879,937.5798441417879,937.5798441417879,3836,1918,0,0,3836,1918,383600,191800,733680.0,733680.0,382.52346193952036,False,True,3836,1918,0,0,3836,1918,0.000390625,1334.5627404526847,0.0032214925620664306,0.0032214925620664306,0.0032214925620664306,False,-0.3618069939532317,0.000390625,True
trial,100,100,100,937.3571712599596,937.3571712599596,937.3571712599596,937.3571712599596,3836,1918,0,0,3836,1918,387436,193718,733680.0,733680.0,382.52346193952036,False,True,3836,1918,0,0,3836,1918,0.0001953125,1575.7840234438809,0.7492879237658774,0.7492879237658774,0.7492879237658774,False,-0.29717932822028603,0.0001953125,True
trial,101,101,101,940.0291055611345,940.0291055611345,940.0291055611345,940.0291055611345,3836,1918,0,0,3836,1918,391272,195636,754205.0,754205.0,393.2247132429614,False,True,3836,1918,0,0,3836,1918,0.000390625,8471.432685787964,0.8510511396218099,0.8510511396218099,0.8510511396218099,False,-0.915681751423256,0.000390625,True
trial,102,102,101,940.8811946424088,940.8811946424088,940.0291055611345,940.0291055611345,3836,1918,0,0,3836,1918,395108,197554,754205.0,754205.0,393.2247132429614,False,True,3836,1918,0,0,3836,1918,0.00078125,1463.4683557972155,-1.547979001247126,-1.547979001247126,-1.547979001247126,False,-0.5504526098789195,0.00078125,False
trial,103,103,103,939.9114573249578,939.9114573249578,939.9114573249578,939.9114573249578,3836,1918,0,0,3836,1918,398944,199472,754205.0,754205.0,393.2247132429614,False,True,3836,1918,0,0,3836,1918,0.000390625,1463.4683557972155,0.3317864656444668,0.3317864656444668,0.3317864656444668,False,-0.3545902209970624,0.000390625,True
trial,104,104,103,941.2056756216122,941.2056756216122,939.9114573249578,939.9114573249578,3836,1918,0,0,3836,1918,402780,201390,754205.0,754205.0,393.2247132429614,False,True,3836,1918,0,0,3836,1918,0.00078125,1591.2959044076185,-2.1433673367939003,-2.1433673367939003,-2.1433673367939003,False,-0.603824773494143,0.00078125,False
trial,105,105,105,939.8587359829421,939.8587359829421,939.8587359829421,939.8587359829421,3836,1918,0,0,3836,1918,406616,203308,754205.0,754205.0,393.2247132429614,False,True,3836,1918,0,0,3836,1918,0.000390625,1591.2959044076185,0.13603466398134198,0.13603466398134198,0.13603466398134198,False,-0.3875581449075406,0.000390625,True
trial,106,106,105,942.6201143702865,942.6201143702865,942.2090271091251,942.2090271091251,3836,1918,0,0,3836,1918,410452,205226,764205.0,764205.0,398.43847758081336,False,True,3836,1918,0,0,3836,1918,0.00078125,6281.081662051687,-0.3451107829307504,-0.3451107829307504,-0.3451107829307504,False,-1.1911747806612123,0.00078125,False
trial,107,107,107,941.5606895664545,941.5606895664545,941.5606895664545,941.5606895664545,3836,1918,0,0,3836,1918,414288,207144,764205.0,764205.0,398.43847758081336,False,True,3836,1918,0,0,3836,1918,0.000390625,6281.081662051687,0.6727178339197084,0.6727178339197084,0.6727178339197084,False,-0.9637585180297986,0.000390625,True
trial,108,108,107,942.7805671151851,942.7805671151851,941.5606895664545,941.5606895664545,3836,1918,0,0,3836,1918,418124,209062,764205.0,764205.0,398.43847758081336,False,True,3836,1918,0,0,3836,1918,0.00078125,1873.2219941324165,-2.011280285009153,-2.011280285009153,-2.011280285009153,False,-0.6065179268264509,0.00078125,False
trial,109,109,109,941.5251249816658,941.5251249816658,941.5251249816658,941.5251249816658,3836,1918,0,0,3836,1918,421960,210980,764205.0,764205.0,398.43847758081336,False,True,3836,1918,0,0,3836,1918,0.000390625,1873.2219941324165,0.08896913057735843,0.08896913057735843,0.08896913057735843,False,-0.39974072532615645,0.000390625,True
trial,110,110,109,942.7251361552164,942.7251361552164,941.5251249816658,941.5251249816658,3836,1918,0,0,3836,1918,425796,212898,764205.0,764205.0,398.43847758081336,False,True,3836,1918,0,0,3836,1918,0.00078125,1882.0483007481034,-1.8609110221613627,-1.8609110221613627,-1.8609110221613627,False,-0.6448514513911765,0.00078125,False
trial,111,111,111,941.9489841617122,941.9489841617122,941.9489841617122,941.9489841617122,3836,1918,0,0,3836,1918,429632,214816,791790.0,791790.0,412.8206465067779,False,True,3836,1918,0,0,3836,1918,0.000390625,15123.428090239871,1.0264679473644305,1.0264679473644305,1.0264679473644305,False,-1.8691393416580913,0.000390625,True
trial,112,112,111,942.2072771517412,942.2072771517412,941.9489841617122,941.9489841617122,3836,1918,0,0,3836,1918,433468,216734,791790.0,791790.0,412.8206465067779,False,True,3836,1918,0,0,3836,1918,0.00078125,3541.8077324893384,-0.47437147912806027,-0.47437147912806027,-0.47437147912806027,False,-0.5444951928891884,0.00078125,False
trial,113,113,113,941.6507941552362,941.6507941552362,941.6507941552362,941.6507941552362,3836,1918,0,0,3836,1918,437304,218652,791790.0,791790.0,412.8206465067779,False,True,3836,1918,0,0,3836,1918,0.000390625,3541.8077324893384,0.7862833685185008,0.7862833685185008,0.7862833685185008,False,-0.379239875107466,0.000390625,True
trial,114,114,113,942.0173174716974,942.0173174716974,941.6507941552362,941.6507941552362,3836,1918,0,0,3836,1918,441140,220570,791790.0,791790.0,412.8206465067779,False,True,3836,1918,0,0,3836,1918,0.00078125,1823.3683211902876,-1.2821621486139843,-1.2821621486139843,-1.2821621486139843,False,-0.2858634665337946,0.00078125,False
trial,115,115,115,941.5613457005286,941.5613457005286,941.5613457005286,941.5613457005286,3836,1918,0,0,3836,1918,444976,222488,791790.0,791790.0,412.8206465067779,False,True,3836,1918,0,0,3836,1918,0.000390625,1823.3683211902876,0.48779632852904536,0.48779632852904536,0.48779632852904536,False,-0.183372546032387,0.000390625,True
trial,116,116,115,945.711828567291,945.711828567291,945.2491720352973,945.2491720352973,3836,1918,0,0,3836,1918,448812,224406,801790.0,801790.0,418.0344108446298,False,True,3836,1918,0,0,3836,1918,0.00078125,4100.781576671756,-0.6300151999047944,-0.6300151999047944,-0.6300151999047944,False,-0.7343577298827788,0.00078125,False
trial,117,117,117,944.8472733268903,944.8472733268903,944.8472733268903,944.8472733268903,3836,1918,0,0,3836,1918,452648,226324,801790.0,801790.0,418.0344108446298,False,True,3836,1918,0,0,3836,1918,0.000390625,4100.781576671756,0.6888016880977806,0.6888016880977806,0.6888016880977806,False,-0.5834752082516999,0.000390625,True
trial,118,118,117,945.3103310378183,945.3103310378183,944.8472733268903,944.8472733268903,3836,1918,0,0,3836,1918,456484,228242,801790.0,801790.0,418.0344108446298,False,True,3836,1918,0,0,3836,1918,0.00078125,2282.278101348521,-1.6513338816435186,-1.6513338816435186,-1.6513338816435186,False,-0.2804143462902181,0.00078125,False
trial,119,119,119,944.7337502887577,944.7337502887577,944.7337502887577,944.7337502887577,3836,1918,0,0,3836,1918,460320,230160,801790.0,801790.0,418.0344108446298,False,True,3836,1918,0,0,3836,1918,0.000390625,2282.278101348521,0.5711366959397758,0.5711366959397758,0.5711366959397758,False,-0.198766843278739,0.000390625,True
trial,120,120,119,945.4385665046809,945.4385665046809,944.7337502887577,944.7337502887577,3836,1918,0,0,3836,1918,464156,232078,801790.0,801790.0,418.0344108446298,False,True,3836,1918,0,0,3836,1918,0.00078125,1857.7458652558205,-2.3952267020125366,-2.3952267020125366,-2.3952267020125366,False,-0.2942586667604288,0.00078125,False
trial,121,121,121,944.7672655232486,944.7672655232486,944.7672655232486,944.7672655232486,3836,1918,0,0,3836,1918,467992,233996,834560.0,834560.0,435.1199165797706,False,True,3836,1918,0,0,3836,1918,0.000390625,11864.45511904575,0.9439057588416138,0.9439057588416138,0.9439057588416138,False,-1.9247759837279979,0.000390625,True
trial,122,122,121,945.190414184427,945.190414184427,944.7672655232486,944.7672655232486,3836,1918,0,0,3836,1918,471828,235914,834560.0,834560.0,435.1199165797706,False,True,3836,1918,0,0,3836,1918,0.00078125,1679.3791025224157,-0.5982716472023113,-0.5982716472023113,-0.5982716472023113,False,-0.7072851657890957,0.00078125,False
trial,123,123,123,944.4446892179831,944.4446892179831,944.4446892179831,944.4446892179831,3836,1918,0,0,3836,1918,475664,237832,834560.0,834560.0,435.1199165797706,False,True,3836,1918,0,0,3836,1918,0.000390625,1679.3791025224157,0.7618585521886209,0.7618585521886209,0.7618585521886209,False,-0.42340708040735253,0.000390625,True
trial,124,124,123,945.147776028102,945.147776028102,944.4446892179831,944.4446892179831,3836,1918,0,0,3836,1918,479500,239750,834560.0,834560.0,435.1199165797706,False,True,3836,1918,0,0,3836,1918,0.00078125,1529.6317872990842,-1.0166631355157547,-1.0166631355157547,-1.0166631355157547,False,-0.6915631988193399,0.00078125,False
trial,125,125,125,944.1943701110195,944.1943701110195,944.1943701110195,944.1943701110195,3836,1918,0,0,3836,1918,483336,241668,834560.0,834560.0,435.1199165797706,False,True,3836,1918,0,0,3836,1918,0.000390625,1529.6317872990842,0.6303677084285844,0.6303677084285844,0.6303677084285844,False,-0.3971001426891382,0.000390625,True
trial,126,126,125,945.4860283217488,945.4860283217488,945.0287981748329,945.0287981748329,3836,1918,0,0,3836,1918,487172,243586,844560.0,844560.0,440.33368091762253,False,True,3836,1918,0,0,3836,1918,0.00078125,4933.612501011904,-0.5863531871587675,-0.5863531871587675,-0.5863531871587675,False,-0.779786239640726,0.00078125,False
trial,127,127,127,944.6849017639263,944.6849017639263,944.6849017639263,944.6849017639263,3836,1918,0,0,3836,1918,491008,245504,844560.0,844560.0,440.33368091762253,False,True,3836,1918,0,0,3836,1918,0.000390625,4933.612501011904,0.67630541659473,0.67630541659473,0.67630541659473,False,-0.5084927644645585,0.000390625,True
trial,128,128,127,945.5903196259761,945.5903196259761,944.6849017639263,944.6849017639263,3836,1918,0,0,3836,1918,494844,247422,844560.0,844560.0,440.33368091762253,False,True,3836,1918,0,0,3836,1918,0.00078125,1722.944609724923,-1.8878565647817263,-1.8878565647817263,-1.8878565647817263,False,-0.47960098184393307,0.00078125,False
trial,129,129,129,944.561397534813,944.561397534813,944.561397534813,944.561397534813,3836,1918,0,0,3836,1918,498680,249340,844560.0,844560.0,440.33368091762253,False,True,3836,1918,0,0,3836,1918,0.000390625,1722.944609724923,0.4109627934533885,0.4109627934533885,0.4109627934533885,False,-0.3005241133279008,0.000390625,True
trial,130,130,129,945.4496467929431,945.4496467929431,944.561397534813,944.561397534813,3836,1918,0,0,3836,1918,502516,251258,844560.0,844560.0,440.33368091762253,False,True,3836,1918,0,0,3836,1918,0.00078125,1515.262383647255,-2.152525612428008,-2.152525612428008,-2.152525612428008,False,-0.41265444322783995,0.00078125,False
trial,131,131,131,943.7405732111022,943.7405732111022,943.7405732111022,943.7405732111022,3836,1918,0,0,3836,1918,506352,253176,877330.0,877330.0,457.4191866527633,False,True,3836,1918,0,0,3836,1918,0.000390625,12034.463450898587,0.9520514862366514,0.9520514862366514,0.9520514862366514,False,-1.8619158399109024,0.000390625,True
trial,132,132,131,943.9673156432211,943.9673156432211,943.7405732111022,943.7405732111022,3836,1918,0,0,3836,1918,510188,255094,877330.0,877330.0,457.4191866527633,False,True,3836,1918,0,0,3836,1918,0.00078125,1688.7093187312635,-0.7254968225461033,-0.7254968225461033,-0.7254968225461033,False,-0.31253401127686525,0.00078125,False
trial,133,133,133,943.6028037532813,943.6028037532813,943.6028037532813,943.6028037532813,3836,1918,0,0,3836,1918,514024,257012,877330.0,877330.0,457.4191866527633,False,True,3836,1918,0,0,3836,1918,0.000390625,1688.7093187312635,0.6114197813679532,0.6114197813679532,0.6114197813679532,False,-0.22532711897656638,0.000390625,True
trial,134,134,133,944.3089515904621,944.3089515904621,943.6028037532813,943.6028037532813,3836,1918,0,0,3836,1918,517860,258930,877330.0,877330.0,457.4191866527633,False,True,3836,1918,0,0,3836,1918,0.00078125,1576.6101440695077,-2.722297354304589,-2.722297354304589,-2.722297354304589,False,-0.25939408715373946,0.00078125,False
trial,135,135,135,943.5200809060606,943.5200809060606,943.5200809060606,943.5200809060606,3836,1918,0,0,3836,1918,521696,260848,877330.0,877330.0,457.4191866527633,False,True,3836,1918,0,0,3836,1918,0.000390625,1576.6101440695077,0.5059367546990027,0.5059367546990027,0.5059367546990027,False,-0.16350432431004971,0.000390625,True
trial,136,136,135,944.9955580545909,944.9955580545909,944.6315099512835,944.6315099512835,3836,1918,0,0,3836,1918,525532,262766,887330.0,887330.0,462.6329509906152,False,True,3836,1918,0,0,3836,1918,0.00078125,8896.924790583907,-0.5841209594234672,-0.5841209594234672,-0.5841209594234672,False,-0.623240952809992,0.00078125,False
trial,137,137,137,944.1977740983723,944.1977740983723,944.1977740983723,944.1977740983723,3836,1918,0,0,3836,1918,529368,264684,887330.0,887330.0,462.6329509906152,False,True,3836,1918,0,0,3836,1918,0.000390625,8896.924790583907,0.8113763305847066,0.8113763305847066,0.8113763305847066,False,-0.5345680377423325,0.000390625,True
trial,138,138,137,944.4134086812093,944.4134086812093,944.1977740983723,944.1977740983723,3836,1918,0,0,3836,1918,533204,266602,887330.0,887330.0,462.6329509906152,False,True,3836,1918,0,0,3836,1918,0.00078125,1801.8539939093805,-0.8378991103937372,-0.8378991103937372,-0.8378991103937372,False,-0.2573514879800273,0.00078125,False
trial,139,139,139,944.0879003952809,944.0879003952809,944.0879003952809,944.0879003952809,3836,1918,0,0,3836,1918,537040,268520,887330.0,887330.0,462.6329509906152,False,True,3836,1918,0,0,3836,1918,0.000390625,1801.8539939093805,0.5987418959974556,0.5987418959974556,0.5987418959974556,False,-0.18350762461396136,0.000390625,True
trial,140,140,139,944.5105690743209,944.5105690743209,944.0879003952809,944.0879003952809,3836,1918,0,0,3836,1918,540876,270438,887330.0,887330.0,462.6329509906152,False,True,3836,1918,0,0,3836,1918,0.00078125,1568.8507349353345,-2.0003531064405844,-2.0003531064405844,-2.0003531064405844,False,-0.2112970343481126,0.00078125,False
trial,141,141,141,943.1507506659407,943.1507506659407,943.1507506659407,943.1507506659407,3836,1918,0,0,3836,1918,544712,272356,920100.0,920100.0,479.71845672575597,False,True,3836,1918,0,0,3836,1918,0.000390625,13376.337927539533,0.9415898079160355,0.9415898079160355,0.9415898079160355,False,-1.1089700606716844,0.000390625,True
trial,142,142,141,943.452184716667,943.452184716667,943.1507506659407,943.1507506659407,3836,1918,0,0,3836,1918,548548,274274,920100.0,920100.0,479.71845672575597,False,True,3836,1918,0,0,3836,1918,0.00078125,1079.179554891402,-1.2021266186099746,-1.2021266186099746,-1.2021266186099746,False,-0.25075066641058713,0.00078125,False
trial,143,143,143,943.0367647375427,943.0367647375427,943.0367647375427,943.0367647375427,3836,1918,0,0,3836,1918,552384,276192,920100.0,920100.0,479.71845672575597,False,True,3836,1918,0,0,3836,1918,0.000390625,1079.179554891402,0.6649831656098769,0.6649831656098769,0.6649831656098769,False,-0.17141175039130138,0.000390625,True
trial,144,144,143,943.6198573065585,943.6198573065585,943.0367647375427,943.0367647375427,3836,1918,0,0,3836,1918,556220,278110,920100.0,920100.0,479.71845672575597,False,True,3836,1918,0,0,3836,1918,0.00078125,1224.6090566978903,-2.9065196329679006,-2.9065196329679006,-2.9065196329679006,False,-0.20061538976097298,0.00078125,False
trial,145,145,145,942.9781105126356,942.9781105126356,942.9781105126356,942.9781105126356,3836,1918,0,0,3836,1918,560056,280028,920100.0,920100.0,479.71845672575597,False,True,3836,1918,0,0,3836,1918,0.000390625,1224.6090566978903,0.4388825532842933,0.4388825532842933,0.4388825532842933,False,-0.13364446699520183,0.000390625,True
trial,146,146,146,944.1126885603999,944.1126885603999,944.1126885603999,944.1126885603999,3836,1918,0,0,3836,1918,563892,281946,930100.0,930100.0,484.9322210636079,False,True,3836,1918,0,0,3836,1918,0.00078125,10129.314064353446,0.45636499525538715,0.45636499525538715,0.45636499525538715,False,-0.38590861260704,0.00078125,True
trial,147,147,146,952.8709722094023,952.8709722094023,944.1126885603999,944.1126885603999,3836,1918,0,0,3836,1918,567728,283864,930100.0,930100.0,484.9322210636079,False,True,3836,1918,0,0,3836,1918,0.0015625,2290.7561012415304,-20.596726869624792,-20.596726869624792,-20.596726869624792,False,-0.42522696467460674,0.0015625,False
trial,148,148,146,944.5677043757644,944.5677043757644,944.1126885603999,944.1126885603999,3836,1918,0,0,3836,1918,571564,285782,930100.0,930100.0,484.9322210636079,False,True,3836,1918,0,0,3836,1918,0.00078125,2290.7561012415304,-1.436845931971937,-1.436845931971937,-1.436845931971937,False,-0.3166768302987346,0.00078125,False
trial,149,149,149,943.9133095793777,943.9133095793777,943.9133095793777,943.9133095793777,3836,1918,0,0,3836,1918,575400,287700,930100.0,930100.0,484.9322210636079,False,True,3836,1918,0,0,3836,1918,0.000390625,2290.7561012415304,0.7708664421637149,0.7708664421637149,0.7708664421637149,False,-0.2586427039975111,0.000390625,True
trial,150,150,149,944.2088746951861,944.2088746951861,943.9133095793777,943.9133095793777,3836,1918,0,0,3836,1918,579236,289618,930100.0,930100.0,484.9322210636079,False,True,3836,1918,0,0,3836,1918,0.00078125,973.6413842642146,-2.6610857659426017,-2.6610857659426017,-2.6610857659426017,False,-0.11106936859799561,0.00078125,False
trial,151,151,151,945.5169466569535,945.5169466569535,945.5169466569535,945.5169466569535,3836,1918,0,0,3836,1918,583072,291536,959000.0,959000.0,500.0,False,True,3836,1918,0,0,3836,1918,0.000390625,12988.13967101626,0.9381743969752602,0.9381743969752602,0.9381743969752602,False,-1.002376996363354,0.000390625,True
trial,152,152,151,945.9585642625918,945.9585642625918,945.5169466569535,945.5169466569535,3836,1918,0,0,3836,1918,586908,293454,959000.0,959000.0,500.0,False,True,3836,1918,0,0,3836,1918,0.00078125,1109.075445238716,-1.5212615789044759,-1.5212615789044759,-1.5212615789044759,False,-0.29029695600174954,0.00078125,False
trial,153,153,153,945.3762334435171,945.3762334435171,945.3762334435171,945.3762334435171,3836,1918,0,0,3836,1918,590744,295372,959000.0,959000.0,500.0,False,True,3836,1918,0,0,3836,1918,0.000390625,1109.075445238716,0.6931805690787,0.6931805690787,0.6931805690787,False,-0.2029964769834462,0.000390625,True
trial,154,154,153,945.868753673997,945.868753673997,945.3762334435171,945.3762334435171,3836,1918,0,0,3836,1918,594580,297290,959000.0,959000.0,500.0,False,True,3836,1918,0,0,3836,1918,0.00078125,1169.0387493372755,-2.4368280993389364,-2.4368280993389364,-2.4368280993389364,False,-0.20211529513040544,0.00078125,False
trial,155,155,155,945.2924803940541,945.2924803940541,945.2924803940541,945.2924803940541,3836,1918,0,0,3836,1918,598416,299208,959000.0,959000.0,500.0,False,True,3836,1918,0,0,3836,1918,0.000390625,1169.0387493372755,0.6275137021199411,0.6275137021199411,0.6275137021199411,False,-0.13346808074475522,0.000390625,True
trial,156,156,155,946.0615098696576,946.0615098696576,945.2924803940541,945.2924803940541,3836,1918,0,0,3836,1918,602252,301126,959000.0,959000.0,500.0,False,True,3836,1918,0,0,3836,1918,0.00078125,1048.5946942821565,-3.320492399904442,-3.320492399904442,-3.320492399904442,False,-0.23160103472171958,0.00078125,False
trial,157,157,157,945.2456258172164,945.2456258172164,945.2456258172164,945.2456258172164,3836,1918,0,0,3836,1918,606088,303044,959000.0,959000.0,500.0,False,True,3836,1918,0,0,3836,1918,0.000390625,1048.5946942821565,0.3250764789093205,0.3250764789093205,0.3250764789093205,False,-0.1441340111562341,0.000390625,True
trial,158,158,157,945.5850619069834,945.5850619069834,945.2456258172164,945.2456258172164,3836,1918,0,0,3836,1918,609924,304962,959000.0,959000.0,500.0,False,True,3836,1918,0,0,3836,1918,0.00078125,1445.65521805153,-1.4636300168144418,-1.4636300168144418,-1.4636300168144418,False,-0.2319138620194237,0.00078125,False
trial,159,159,159,945.1237859441369,945.1237859441369,945.1237859441369,945.1237859441369,3836,1918,0,0,3836,1918,613760,306880,959000.0,959000.0,500.0,False,True,3836,1918,0,0,3836,1918,0.000390625,1445.65521805153,0.7128247559296264,0.7128247559296264,0.7128247559296264,False,-0.17092542320667484,0.000390625,True
trial,160,160,159,945.5449946028261,945.5449946028261,945.1237859441369,945.1237859441369,3836,1918,0,0,3836,1918,617596,308798,959000.0,959000.0,500.0,False,True,3836,1918,0,0,3836,1918,0.00078125,1087.7902805058438,-2.3646030738962724,-2.3646030738962724,-2.3646030738962724,False,-0.17813080907282766,0.00078125,False
trial,161,161,161,945.0798546220387,945.0798546220387,945.0798546220387,945.0798546220387,3836,1918,0,0,3836,1918,621432,310716,959000.0,959000.0,500.0,False,True,3836,1918,0,0,3836,1918,0.000390625,1087.7902805058438,0.3634960494165803,0.3634960494165803,0.3634960494165803,False,-0.120857770445294,0.000390625,True
trial,162,162,161,945.4579082795805,945.4579082795805,945.0798546220387,945.0798546220387,3836,1918,0,0,3836,1918,625268,312634,959000.0,959000.0,500.0,False,True,3836,1918,0,0,3836,1918,0.00078125,1398.7808132188618,-2.4812492998805324,-2.4812492998805324,-2.4812492998805324,False,-0.15236423746696062,0.00078125,False
trial,163,163,163,945.0130412420865,945.0130412420865,945.0130412420865,945.0130412420865,3836,1918,0,0,3836,1918,629104,314552,959000.0,959000.0,500.0,False,True,3836,1918,0,0,3836,1918,0.000390625,1398.7808132188618,0.5662729196914291,0.5662729196914291,0.5662729196914291,False,-0.11798794826467106,0.000390625,True
trial,164,164,163,945.4975146647588,945.4975146647588,945.0130412420865,945.0130412420865,3836,1918,0,0,3836,1918,632940,316470,959000.0,959000.0,500.0,False,True,3836,1918,0,0,3836,1918,0.00078125,1049.1033528203182,-4.05740530345049,-4.05740530345049,-4.05740530345049,False,-0.11940473934420356,0.00078125,False
trial,165,165,165,944.9864958594162,944.9864958594162,944.9864958594162,944.9864958594162,3836,1918,0,0,3836,1918,636776,318388,959000.0,959000.0,500.0,False,True,3836,1918,0,0,3836,1918,0.000390625,1049.1033528203182,0.30848474134504283,0.30848474134504283,0.30848474134504283,False,-0.08605087744226916,0.000390625,True
trial,166,166,165,945.3137969787309,945.3137969787309,944.9864958594162,944.9864958594162,3836,1918,0,0,3836,1918,640612,320306,959000.0,959000.0,500.0,False,True,3836,1918,0,0,3836,1918,0.00078125,1116.4866252181387,-2.5916463628988766,-2.5916463628988766,-2.5916463628988766,False,-0.12629081035138212,0.00078125,False
trial,167,167,167,944.9455785396931,944.9455785396931,944.9455785396931,944.9455785396931,3836,1918,0,0,3836,1918,644448,322224,959000.0,959000.0,500.0,False,True,3836,1918,0,0,3836,1918,0.000390625,1116.4866252181387,0.4699528524538802,0.4699528524538802,0.4699528524538802,False,-0.08706686108929765,0.000390625,True
trial,168,168,167,945.5009332945767,945.5009332945767,944.9455785396931,944.9455785396931,3836,1918,0,0,3836,1918,648284,324142,959000.0,959000.0,500.0,False,True,3836,1918,0,0,3836,1918,0.00078125,886.9587246120693,-5.827871889881959,-5.827871889881959,-5.827871889881959,False,-0.0952928899909099,0.00078125,False
trial,169,169,169,944.9360304503206,944.9360304503206,944.9360304503206,944.9360304503206,3836,1918,0,0,3836,1918,652120,326060,959000.0,959000.0,500.0,False,True,3836,1918,0,0,3836,1918,0.000390625,886.9587246120693,0.1529622502498675,0.1529622502498675,0.1529622502498675,False,-0.0624212141029453,0.000390625,True
trial,170,170,169,945.3254152105892,945.3254152105892,944.9360304503206,944.9360304503206,3836,1918,0,0,3836,1918,655956,327978,959000.0,959000.0,500.0,False,True,3836,1918,0,0,3836,1918,0.00078125,910.2183869611176,-3.402832538656151,-3.402832538656151,-3.402832538656151,False,-0.11442959823770892,0.00078125,False
trial,171,171,171,944.9092352862673,944.9092352862673,944.9092352862673,944.9092352862673,3836,1918,0,0,3836,1918,659792,329896,959000.0,959000.0,500.0,False,True,3836,1918,0,0,3836,1918,0.000390625,910.2183869611176,0.3508538506002211,0.3508538506002211,0.3508538506002211,False,-0.07637129821275496,0.000390625,True
trial,172,172,171,945.4626186342837,945.4626186342837,944.9092352862673,944.9092352862673,3836,1918,0,0,3836,1918,663628,331814,959000.0,959000.0,500.0,False,True,3836,1918,0,0,3836,1918,0.00078125,904.0890244672239,-5.831528747156414,-5.831528747156414,-5.831528747156414,False,-0.09489507331781986,0.00078125,False
trial,173,173,173,944.9006411191148,944.9006411191148,944.9006411191148,944.9006411191148,3836,1918,0,0,3836,1918,667464,333732,959000.0,959000.0,500.0,False,True,3836,1918,0,0,3836,1918,0.000390625,904.0890244672239,0.13498850781010235,0.13498850781010235,0.13498850781010235,False,-0.06366591713580075,0.000390625,True
trial,174,174,173,945.3173264440267,945.3173264440267,944.9006411191148,944.9006411191148,3836,1918,0,0,3836,1918,671300,335650,959000.0,959000.0,500.0,False,True,3836,1918,0,0,3836,1918,0.00078125,921.101385980809,-3.6928766479080055,-3.6928766479080055,-3.6928766479080055,False,-0.11283488852733431,0.00078125,False
trial,175,175,175,944.8734158546739,944.8734158546739,944.8734158546739,944.8734158546739,3836,1918,0,0,3836,1918,675136,337568,959000.0,959000.0,500.0,False,True,3836,1918,0,0,3836,1918,0.000390625,921.101385980809,0.3557629968468444,0.3557629968468444,0.3557629968468444,False,-0.07652640854208512,0.000390625,True
trial,176,176,175,945.4393403858103,945.4393403858103,944.8734158546739,944.8734158546739,3836,1918,0,0,3836,1918,678972,339486,959000.0,959000.0,500.0,False,True,3836,1918,0,0,3836,1918,0.00078125,911.7286966517918,-6.251246983826634,-6.251246983826634,-6.251246983826634,False,-0.0905298626978821,0.00078125,False
trial,177,177,177,944.8634470469174,944.8634470469174,944.8634470469174,944.8634470469174,3836,1918,0,0,3836,1918,682808,341404,959000.0,959000.0,500.0,False,True,3836,1918,0,0,3836,1918,0.000390625,911.7286966517918,0.16216294128331904,0.16216294128331904,0.16216294128331904,False,-0.06147401914176754,0.000390625,True
trial,178,178,177,945.2421008528701,945.2421008528701,944.8634470469174,944.8634470469174,3836,1918,0,0,3836,1918,686644,343322,959000.0,959000.0,500.0,False,True,3836,1918,0,0,3836,1918,0.00078125,900.4371422239836,-3.586748221023413,-3.586748221023413,-3.586748221023413,False,-0.10557022200032005,0.00078125,False
trial,179,179,179,944.8283843875338,944.8283843875338,944.8283843875338,944.8283843875338,3836,1918,0,0,3836,1918,690480,345240,959000.0,959000.0,500.0,False,True,3836,1918,0,0,3836,1918,0.000390625,900.4371422239836,0.4923297946844159,0.4923297946844159,0.4923297946844159,False,-0.07121782951620736,0.000390625,True
trial,180,180,179,945.300427303752,945.300427303752,944.8283843875338,944.8283843875338,3836,1918,0,0,3836,1918,694316,347158,959000.0,959000.0,500.0,False,True,3836,1918,0,0,3836,1918,0.00078125,759.1098004096436,-6.450972575401459,-6.450972575401459,-6.450972575401459,False,-0.07317391458432396,0.00078125,False
trial,181,181,179,944.8327660207657,944.8327660207657,944.8283843875338,944.8283843875338,3836,1918,0,0,3836,1918,698152,349076,959000.0,959000.0,500.0,False,True,3836,1918,0,0,3836,1918,0.000390625,759.1098004096436,-0.0932260973241025,-0.0932260973241025,-0.0932260973241025,False,-0.0470000714142121,0.000390625,False
trial,182,182,182,944.801896731527,944.801896731527,944.801896731527,944.801896731527,3836,1918,0,0,3836,1918,701988,350994,959000.0,959000.0,500.0,False,True,3836,1918,0,0,3836,1918,0.0001953125,759.1098004096436,0.7881826294757618,0.7881826294757618,0.7881826294757618,False,-0.03360598802388071,0.0001953125,True
trial,183,183,182,944.8221992553542,944.8221992553542,944.801896731527,944.801896731527,3836,1918,0,0,3836,1918,705824,352912,959000.0,959000.0,500.0,False,True,3836,1918,0,0,3836,1918,0.000390625,242.06123957213654,-0.7670268270442379,-0.7670268270442379,-0.7670268270442379,False,-0.026469118303823494,0.000390625,False
trial,184,184,184,944.7938201713706,944.7938201713706,944.7938201713706,944.7938201713706,3836,1918,0,0,3836,1918,709660,354830,959000.0,959000.0,500.0,False,True,3836,1918,0,0,3836,1918,0.0001953125,242.06123957213654,0.5335961168572239,0.5335961168572239,0.5335961168572239,False,-0.01513609245125683,0.0001953125,True
trial,185,185,184,944.8142639269386,944.8142639269386,944.7938201713706,944.7938201713706,3836,1918,0,0,3836,1918,713496,356748,959000.0,959000.0,500.0,False,True,3836,1918,0,0,3836,1918,0.000390625,330.91757775286663,-0.7036178253227643,-0.7036178253227643,-0.7036178253227643,False,-0.029055198478769813,0.000390625,False
trial,186,186,186,944.7882405487201,944.7882405487201,944.7882405487201,944.7882405487201,3836,1918,0,0,3836,1918,717332,358666,959000.0,959000.0,500.0,False,True,3836,1918,0,0,3836,1918,0.0001953125,330.91757775286663,0.34101358767328344,0.34101358767328344,0.34101358767328344,False,-0.016361877802620776,0.0001953125,True
trial,187,187,186,944.819190822356,944.819190822356,944.7882405487201,944.7882405487201,3836,1918,0,0,3836,1918,721168,360584,959000.0,959000.0,500.0,False,True,3836,1918,0,0,3836,1918,0.000390625,315.0846964515372,-0.9261163104844298,-0.9261163104844298,-0.9261163104844298,False,-0.033419423981088846,0.000390625,False
trial,188,188,188,944.7771262526157,944.7771262526157,944.7771262526157,944.7771262526157,3836,1918,0,0,3836,1918,725004,362502,959000.0,959000.0,500.0,False,True,3836,1918,0,0,3836,1918,0.0001953125,315.0846964515372,0.5422499132713031,0.5422499132713031,0.5422499132713031,False,-0.020496630487727603,0.0001953125,True
trial,189,189,188,944.8231869460999,944.8231869460999,944.7771262526157,944.7771262526157,3836,1918,0,0,3836,1918,728840,364420,959000.0,959000.0,500.0,False,True,3836,1918,0,0,3836,1918,0.000390625,347.36240424101607,-1.5238947932788816,-1.5238947932788816,-1.5238947932788816,False,-0.030225638729983764,0.000390625,False
trial,190,190,190,944.772578745825,944.772578745825,944.772578745825,944.772578745825,3836,1918,0,0,3836,1918,732676,366338,959000.0,959000.0,500.0,False,True,3836,1918,0,0,3836,1918,0.0001953125,347.36240424101607,0.26451164987548137,0.26451164987548137,0.26451164987548137,False,-0.017192085085631602,0.0001953125,True
trial,191,191,190,944.7986521458752,944.7986521458752,944.772578745825,944.772578745825,3836,1918,0,0,3836,1918,736512,368256,959000.0,959000.0,500.0,False,True,3836,1918,0,0,3836,1918,0.000390625,340.5683164133404,-0.7129480689420614,-0.7129480689420614,-0.7129480689420614,False,-0.03657124717219958,0.000390625,False
trial,192,192,192,944.7601297028343,944.7601297028343,944.7601297028343,944.7601297028343,3836,1918,0,0,3836,1918,740348,370174,959000.0,959000.0,500.0,False,True,3836,1918,0,0,3836,1918,0.0001953125,340.5683164133404,0.5403195222405138,0.5403195222405138,0.5403195222405138,False,-0.023040150278122052,0.0001953125,True
trial,193,193,192,944.8144122439035,944.8144122439035,944.7601297028343,944.7601297028343,3836,1918,0,0,3836,1918,744184,372092,959000.0,959000.0,500.0,False,True,3836,1918,0,0,3836,1918,0.000390625,363.37651263386675,-1.759273980253678,-1.759273980253678,-1.759273980253678,False,-0.030855080947263736,0.000390625,False
trial,194,194,194,944.756284285365,944.756284285365,944.756284285365,944.756284285365,3836,1918,0,0,3836,1918,748020,374010,959000.0,959000.0,500.0,False,True,3836,1918,0,0,3836,1918,0.0001953125,363.37651263386675,0.21490062689363612,0.21490062689363612,0.21490062689363612,False,-0.01789393323260089,0.0001953125,True
trial,195,195,194,944.7708991460895,944.7708991460895,944.756284285365,944.756284285365,3836,1918,0,0,3836,1918,751856,375928,959000.0,959000.0,500.0,False,True,3836,1918,0,0,3836,1918,0.000390625,363.5897251332439,-0.37431276261465724,-0.37431276261465724,-0.37431276261465724,False,-0.039044516201841545,0.000390625,False
trial,196,196,196,944.7425836753682,944.7425836753682,944.7425836753682,944.7425836753682,3836,1918,0,0,3836,1918,755692,377846,959000.0,959000.0,500.0,False,True,3836,1918,0,0,3836,1918,0.0001953125,363.5897251332439,0.5532655671477839,0.5532655671477839,0.5532655671477839,False,-0.024763171269536012,0.0001953125,True
trial,197,197,196,944.7815339494989,944.7815339494989,944.7425836753682,944.7425836753682,3836,1918,0,0,3836,1918,759528,379764,959000.0,959000.0,500.0,False,True,3836,1918,0,0,3836,1918,0.000390625,363.22874694400093,-1.2397937725846317,-1.2397937725846317,-1.2397937725846317,False,-0.03141673638953961,0.000390625,False
trial,198,198,198,944.7382201098477,944.7382201098477,944.7382201098477,944.7382201098477,3836,1918,0,0,3836,1918,763364,381682,959000.0,959000.0,500.0,False,True,3836,1918,0,0,3836,1918,0.0001953125,363.22874694400093,0.23895828285315568,0.23895828285315568,0.23895828285315568,False,-0.01826078371680568,0.0001953125,True
trial,199,199,198,944.7565077064866,944.7565077064866,944.7382201098477,944.7382201098477,3836,1918,0,0,3836,1918,767200,383600,959000.0,959000.0,500.0,False,True,3836,1918,0,0,3836,1918,0.000390625,359.91648354752016,-0.4603403147821581,-0.4603403147821581,-0.4603403147821581,False,-0.03972625479806288,0.000390625,False
trial,200,200,200,944.7243503506627,944.7243503506627,944.7243503506627,944.7243503506627,3836,1918,0,0,3836,1918,771036,385518,959000.0,959000.0,500.0,False,True,3836,1918,0,0,3836,1918,0.0001953125,359.91648354752016,0.5520084752330087,0.5520084752330087,0.5520084752330087,False,-0.025125989558690442,0.0001953125,True
trial,201,201,200,944.7761473379442,944.7761473379442,944.7243503506627,944.7243503506627,3836,1918,0,0,3836,1918,774872,387436,959000.0,959000.0,500.0,False,True,3836,1918,0,0,3836,1918,0.000390625,371.34796321113095,-1.6089971650006993,-1.6089971650006993,-1.6089971650006993,False,-0.03219209356497213,0.000390625,False
trial,202,202,202,944.7197573822922,944.7197573822922,944.7197573822922,944.7197573822922,3836,1918,0,0,3836,1918,778708,389354,959000.0,959000.0,500.0,False,True,3836,1918,0,0,3836,1918,0.0001953125,371.34796321113095,0.24557642315568004,0.24557642315568004,0.24557642315568004,False,-0.01870280669244437,0.0001953125,True
trial,203,203,202,944.7356020740851,944.7356020740851,944.7197573822922,944.7197573822922,3836,1918,0,0,3836,1918,782544,391272,959000.0,959000.0,500.0,False,True,3836,1918,0,0,3836,1918,0.000390625,363.97810667267765,-0.38968698941275015,-0.38968698941275015,-0.38968698941275015,False,-0.04066004825264289,0.000390625,False
trial,204,204,204,944.7054576585285,944.7054576585285,944.7054576585285,944.7054576585285,3836,1918,0,0,3836,1918,786380,393190,959000.0,959000.0,500.0,False,True,3836,1918,0,0,3836,1918,0.0001953125,363.97810667267765,0.559176402125326,0.559176402125326,0.559176402125326,False,-0.025572831237702088,0.0001953125,True
trial,205,205,204,944.7533766223526,944.7533766223526,944.7054576585285,944.7054576585285,3836,1918,0,0,3836,1918,790216,395108,959000.0,959000.0,500.0,False,True,3836,1918,0,0,3836,1918,0.000390625,371.86068997851464,-1.4692723855176337,-1.4692723855176337,-1.4692723855176337,False,-0.032614077754649445,0.000390625,False
trial,206,206,206,944.7000968844279,944.7000968844279,944.7000968844279,944.7000968844279,3836,1918,0,0,3836,1918,794052,397026,959000.0,959000.0,500.0,False,True,3836,1918,0,0,3836,1918,0.0001953125,371.86068997851464,0.2813621292825749,0.2813621292825749,0.2813621292825749,False,-0.019052934075662675,0.0001953125,True
trial,207,207,206,944.7163171391422,944.7163171391422,944.7000968844279,944.7000968844279,3836,1918,0,0,3836,1918,797888,398944,959000.0,959000.0,500.0,False,True,3836,1918,0,0,3836,1918,0.000390625,355.8667679543889,-0.39939636267349143,-0.39939636267349143,-0.39939636267349143,False,-0.04061192396880332,0.000390625,False
trial,208,208,208,944.6858491756443,944.6858491756443,944.6858491756443,944.6858491756443,3836,1918,0,0,3836,1918,801724,400862,959000.0,959000.0,500.0,False,True,3836,1918,0,0,3836,1918,0.0001953125,355.8667679543889,0.5573444750248968,0.5573444750248968,0.5573444750248968,False,-0.025563559740998047,0.0001953125,True
trial,209,209,208,944.7295313609558,944.7295313609558,944.6858491756443,944.6858491756443,3836,1918,0,0,3836,1918,805560,402780,959000.0,959000.0,500.0,False,True,3836,1918,0,0,3836,1918,0.000390625,372.46239967815353,-1.2935518240768085,-1.2935518240768085,-1.2935518240768085,False,-0.03376918071500024,0.000390625,False
trial,210,210,210,944.6806938545373,944.6806938545373,944.6806938545373,944.6806938545373,3836,1918,0,0,3836,1918,809396,404698,959000.0,959000.0,500.0,False,True,3836,1918,0,0,3836,1918,0.0001953125,372.46239967815353,0.26395430162515005,0.26395430162515005,0.26395430162515005,False,-0.01953111229979239,0.0001953125,True
trial,211,211,210,944.6964680150693,944.6964680150693,944.6806938545373,944.6806938545373,3836,1918,0,0,3836,1918,813232,406616,959000.0,959000.0,500.0,False,True,3836,1918,0,0,3836,1918,0.000390625,366.4118131748736,-0.37332392160790506,-0.37332392160790506,-0.37332392160790506,False,-0.042253280915118555,0.000390625,False
trial,212,212,212,944.6654846125471,944.6654846125471,944.6654846125471,944.6654846125471,3836,1918,0,0,3836,1918,817068,408534,959000.0,959000.0,500.0,False,True,3836,1918,0,0,3836,1918,0.0001953125,366.4118131748736,0.5720057622217386,0.5720057622217386,0.5720057622217386,False,-0.026589316043106635,0.0001953125,True
trial,213,213,212,944.7067813364345,944.7067813364345,944.6654846125471,944.6654846125471,3836,1918,0,0,3836,1918,820904,410452,959000.0,959000.0,500.0,False,True,3836,1918,0,0,3836,1918,0.000390625,367.6681122449745,-1.2036570564154887,-1.2036570564154887,-1.2036570564154887,False,-0.03430937713303593,0.000390625,False
trial,214,214,214,944.6597000348356,944.6597000348356,944.6597000348356,944.6597000348356,3836,1918,0,0,3836,1918,824740,412370,959000.0,959000.0,500.0,False,True,3836,1918,0,0,3836,1918,0.0001953125,367.6681122449745,0.29250299743629166,0.29250299743629166,0.29250299743629166,False,-0.019776131397415634,0.0001953125,True
trial,215,215,214,944.6727966389648,944.6727966389648,944.6597000348356,944.6597000348356,3836,1918,0,0,3836,1918,828576,414288,959000.0,959000.0,500.0,False,True,3836,1918,0,0,3836,1918,0.000390625,363.1429704754775,-0.3086951840597463,-0.3086951840597463,-0.3086951840597463,False,-0.04242568334532566,0.000390625,False
trial,216,216,216,944.6435945136399,944.6435945136399,944.6435945136399,944.6435945136399,3836,1918,0,0,3836,1918,832412,416206,959000.0,959000.0,500.0,False,True,3836,1918,0,0,3836,1918,0.0001953125,363.1429704754775,0.607947498594175,0.607947498594175,0.607947498594175,False,-0.026491631650754695,0.0001953125,True
trial,217,217,216,944.6763590074037,944.6763590074037,944.6435945136399,944.6435945136399,3836,1918,0,0,3836,1918,836248,418124,959000.0,959000.0,500.0,False,True,3836,1918,0,0,3836,1918,0.000390625,336.8896908621686,-0.9680320190251483,-0.9680320190251483,-0.9680320190251483,False,-0.03384649796687746,0.000390625,False
trial,218,218,218,944.6380021650875,944.6380021650875,944.6380021650875,944.6380021650875,3836,1918,0,0,3836,1918,840084,420042,959000.0,959000.0,500.0,False,True,3836,1918,0,0,3836,1918,0.0001953125,336.8896908621686,0.2934117130422105,0.2934117130422105,0.2934117130422105,False,-0.019059731782201512,0.0001953125,True
trial,219,219,218,944.6569019643183,944.6569019643183,944.6380021650875,944.6380021650875,3836,1918,0,0,3836,1918,843920,421960,959000.0,959000.0,500.0,False,True,3836,1918,0,0,3836,1918,0.000390625,347.8087014541232,-0.4438698662170886,-0.4438698662170886,-0.4438698662170886,False,-0.04257959521301881,0.000390625,False
trial,220,220,220,944.6226110986488,944.6226110986488,944.6226110986488,944.6226110986488,3836,1918,0,0,3836,1918,847756,423878,959000.0,959000.0,500.0,False,True,3836,1918,0,0,3836,1918,0.0001953125,347.8087014541232,0.5845281916590374,0.5845281916590374,0.5845281916590374,False,-0.026330751293689204,0.0001953125,True
trial,221,221,220,944.6615948707166,944.6615948707166,944.6226110986488,944.6226110986488,3836,1918,0,0,3836,1918,851592,425796,959000.0,959000.0,500.0,False,True,3836,1918,0,0,3836,1918,0.000390625,357.89752345658394,-1.1093259307582726,-1.1093259307582726,-1.1093259307582726,False,-0.03514185595676257,0.000390625,False
trial,222,222,222,944.6157264845951,944.6157264845951,944.6157264845951,944.6157264845951,3836,1918,0,0,3836,1918,855428,427714,959000.0,959000.0,500.0,False,True,3836,1918,0,0,3836,1918,0.0001953125,357.89752345658394,0.342471251980661,0.342471251980661,0.342471251980661,False,-0.020102750271282523,0.0001953125,True
trial,223,223,222,944.6271243707007,944.6271243707007,944.6157264845951,944.6157264845951,3836,1918,0,0,3836,1918,859264,429632,959000.0,959000.0,500.0,False,True,3836,1918,0,0,3836,1918,0.000390625,336.09311315808196,-0.26623593473486373,-0.26623593473486373,-0.26623593473486373,False,-0.042811223499586964,0.000390625,False
trial,224,224,224,944.5997644634684,944.5997644634684,944.5997644634684,944.5997644634684,3836,1918,0,0,3836,1918,863100,431550,959000.0,959000.0,500.0,False,True,3836,1918,0,0,3836,1918,0.0001953125,336.09311315808196,0.6062647678248254,0.6062647678248254,0.6062647678248254,False,-0.0263284656701726,0.0001953125,True
trial,225,225,224,944.6294563729482,944.6294563729482,944.5997644634684,944.5997644634684,3836,1918,0,0,3836,1918,866936,433468,959000.0,959000.0,500.0,False,True,3836,1918,0,0,3836,1918,0.000390625,331.3579309760256,-0.8438127301382875,-0.8438127301382875,-0.8438127301382875,False,-0.03518779513423532,0.000390625,False
trial,226,226,226,944.5929456130218,944.5929456130218,944.5929456130218,944.5929456130218,3836,1918,0,0,3836,1918,870772,435386,959000.0,959000.0,500.0,False,True,3836,1918,0,0,3836,1918,0.0001953125,331.3579309760256,0.34438164319925996,0.34438164319925996,0.34438164319925996,False,-0.019800272695357547,0.0001953125,True
trial,227,227,226,944.601707340806,944.601707340806,944.5929456130218,944.5929456130218,3836,1918,0,0,3836,1918,874608,437304,959000.0,959000.0,500.0,False,True,3836,1918,0,0,3836,1918,0.000390625,332.6660098912782,-0.20340038647024802,-0.20340038647024802,-0.20340038647024802,False,-0.04307625927481533,0.000390625,False
trial,228,228,228,944.576793838769,944.576793838769,944.576793838769,944.576793838769,3836,1918,0,0,3836,1918,878444,439222,959000.0,959000.0,500.0,False,True,3836,1918,0,0,3836,1918,0.0001953125,332.6660098912782,0.6113164886112179,0.6113164886112179,0.6113164886112179,False,-0.026421296584778167,0.0001953125,True
trial,229,229,228,944.6056050278557,944.6056050278557,944.576793838769,944.576793838769,3836,1918,0,0,3836,1918,882280,441140,959000.0,959000.0,500.0,False,True,3836,1918,0,0,3836,1918,0.000390625,338.7922187442069,-0.8074875150538088,-0.8074875150538088,-0.8074875150538088,False,-0.035680042786514016,0.000390625,False
trial,230,230,230,944.5696943710572,944.5696943710572,944.5696943710572,944.5696943710572,3836,1918,0,0,3836,1918,886116,443058,959000.0,959000.0,500.0,False,True,3836,1918,0,0,3836,1918,0.0001953125,338.7922187442069,0.3526315424274373,0.3526315424274373,0.3526315424274373,False,-0.020132820969516532,0.0001953125,True
trial,231,231,230,944.5792585535125,944.5792585535125,944.5696943710572,944.5696943710572,3836,1918,0,0,3836,1918,889952,444976,959000.0,959000.0,500.0,False,True,3836,1918,0,0,3836,1918,0.000390625,341.0539485956547,-0.21821511779903796,-0.21821511779903796,-0.21821511779903796,False,-0.04382914690722872,0.000390625,False
trial,232,232,232,944.5534236027358,944.5534236027358,944.5534236027358,944.5534236027358,3836,1918,0,0,3836,1918,893788,446894,959000.0,959000.0,500.0,False,True,3836,1918,0,0,3836,1918,0.0001953125,341.0539485956547,0.6063294667918037,0.6063294667918037,0.6063294667918037,False,-0.02683486324258197,0.0001953125,True
trial,233,233,232,944.5914977827397,944.5914977827397,944.5534236027358,944.5534236027358,3836,1918,0,0,3836,1918,897624,448812,959000.0,959000.0,500.0,False,True,3836,1918,0,0,3836,1918,0.000390625,353.6567150358617,-1.0353628575200462,-1.0353628575200462,-1.0353628575200462,False,-0.03677375494715876,0.000390625,False
trial,234,234,234,944.5456700301331,944.5456700301331,944.5456700301331,944.5456700301331,3836,1918,0,0,3836,1918,901460,450730,959000.0,959000.0,500.0,False,True,3836,1918,0,0,3836,1918,0.0001953125,353.6567150358617,0.3746152610512321,0.3746152610512321,0.3746152610512321,False,-0.020697428559012195,0.0001953125,True
trial,235,235,234,944.5528568221721,944.5528568221721,944.5456700301331,944.5456700301331,3836,1918,0,0,3836,1918,905296,452648,959000.0,959000.0,500.0,False,True,3836,1918,0,0,3836,1918,0.000390625,345.3757415586259,-0.16140300758283252,-0.16140300758283252,-0.16140300758283252,False,-0.04452700198462356,0.000390625,False
trial,236,236,236,944.5292910293047,944.5292910293047,944.5292910293047,944.5292910293047,3836,1918,0,0,3836,1918,909132,454566,959000.0,959000.0,500.0,False,True,3836,1918,0,0,3836,1918,0.0001953125,345.3757415586259,0.60461073861978,0.60461073861978,0.60461073861978,False,-0.027090158646297574,0.0001953125,True
trial,237,237,236,944.5603363761625,944.5603363761625,944.5292910293047,944.5292910293047,3836,1918,0,0,3836,1918,912968,456484,959000.0,959000.0,500.0,False,True,3836,1918,0,0,3836,1918,0.000390625,362.67691773593657,-0.8241410897879725,-0.8241410897879725,-0.8241410897879725,False,-0.03766994176421415,0.000390625,False
trial,238,238,238,944.5211673504025,944.5211673504025,944.5211673504025,944.5211673504025,3836,1918,0,0,3836,1918,916804,458402,959000.0,959000.0,500.0,False,True,3836,1918,0,0,3836,1918,0.0001953125,362.67691773593657,0.3796183387671043,0.3796183387671043,0.3796183387671043,False,-0.021399595521516136,0.0001953125,True
trial,239,239,238,944.5325651973637,944.5325651973637,944.5211673504025,944.5211673504025,3836,1918,0,0,3836,1918,920640,460320,959000.0,959000.0,500.0,False,True,3836,1918,0,0,3836,1918,0.000390625,353.27223082700897,-0.25135386501520934,-0.25135386501520934,-0.25135386501520934,False,-0.04534581937124824,0.000390625,False
trial,240,240,240,944.5042005436396,944.5042005436396,944.5042005436396,944.5042005436396,3836,1918,0,0,3836,1918,924476,462238,959000.0,959000.0,500.0,False,True,3836,1918,0,0,3836,1918,0.0001953125,353.27223082700897,0.6107409836010981,0.6107409836010981,0.6107409836010981,False,-0.027780691354337042,0.0001953125,True
trial,241,241,240,944.546370008986,944.546370008986,944.5042005436396,944.5042005436396,3836,1918,0,0,3836,1918,928312,464156,959000.0,959000.0,500.0,False,True,3836,1918,0,0,3836,1918,0.000390625,367.2222107020319,-1.0952661544596778,-1.0952661544596778,-1.0952661544596778,False,-0.03850156893337255,0.000390625,False
trial,242,242,242,944.4960502435831,944.4960502435831,944.4960502435831,944.4960502435831,3836,1918,0,0,3836,1918,932148,466074,959000.0,959000.0,500.0,False,True,3836,1918,0,0,3836,1918,0.0001953125,367.2222107020319,0.3738940301681228,0.3738940301681228,0.3738940301681228,False,-0.021798422544614324,0.0001953125,True
trial,243,243,242,944.5035144709831,944.5035144709831,944.4960502435831,944.4960502435831,3836,1918,0,0,3836,1918,935984,467992,959000.0,959000.0,500.0,False,True,3836,1918,0,0,3836,1918,0.000390625,356.576458977901,-0.1604537797543544,-0.1604537797543544,-0.1604537797543544,False,-0.046519486243276016,0.000390625,False
trial,244,244,244,944.4783666076336,944.4783666076336,944.4783666076336,944.4783666076336,3836,1918,0,0,3836,1918,939820,469910,959000.0,959000.0,500.0,False,True,3836,1918,0,0,3836,1918,0.0001953125,356.576458977901,0.620208869237621,0.620208869237621,0.620208869237621,False,-0.028512388046426203,0.0001953125,True
trial,245,245,244,944.5176472315588,944.5176472315588,944.4783666076336,944.4783666076336,3836,1918,0,0,3836,1918,943656,471828,959000.0,959000.0,500.0,False,True,3836,1918,0,0,3836,1918,0.000390625,365.6122827985656,-1.0093291374491913,-1.0093291374491913,-1.0093291374491913,False,-0.0389175566897199,0.000390625,False
trial,246,246,246,944.4704891851407,944.4704891851407,944.4704891851407,944.4704891851407,3836,1918,0,0,3836,1918,947492,473746,959000.0,959000.0,500.0,False,True,3836,1918,0,0,3836,1918,0.0001953125,365.6122827985656,0.35842583317568416,0.35842583317568416,0.35842583317568416,False,-0.021977831293939192,0.0001953125,True
trial,247,247,246,944.4781860289743,944.4781860289743,944.4704891851407,944.4704891851407,3836,1918,0,0,3836,1918,951328,475664,959000.0,959000.0,500.0,False,True,3836,1918,0,0,3836,1918,0.000390625,367.0356469820197,-0.16053068907902035,-0.16053068907902035,-0.16053068907902035,False,-0.04794624552965869,0.000390625,False
trial,248,248,248,944.4508461450346,944.4508461450346,944.4508461450346,944.4508461450346,3836,1918,0,0,3836,1918,955164,477582,959000.0,959000.0,500.0,False,True,3836,1918,0,0,3836,1918,0.0001953125,367.0356469820197,0.6746628188377178,0.6746628188377178,0.6746628188377178,False,-0.029115344076490607,0.0001953125,True
trial,249,249,248,944.481954193195,944.481954193195,944.4508461450346,944.4508461450346,3836,1918,0,0,3836,1918,959000,479500,959000.0,959000.0,500.0,False,True,3836,1918,0,0,3836,1918,0.000390625,322.4028428297384,-0.8394452785986073,-0.8394452785986073,-0.8394452785986073,False,-0.03705786303582448,0.000390625,False
trial,250,250,250,944.4424281019444,944.4424281019444,944.4424281019444,944.4424281019444,3836,1918,0,0,3836,1918,962836,481418,959000.0,959000.0,500.0,False,True,3836,1918,0,0,3836,1918,0.0001953125,322.4028428297384,0.41158311703567824,0.41158311703567824,0.41158311703567824,False,-0.02045283866546445,0.0001953125,True
trial,251,251,250,944.4430183292081,944.4430183292081,944.4424281019444,944.4424281019444,3836,1918,0,0,3836,1918,966672,483336,959000.0,959000.0,500.0,False,True,3836,1918,0,0,3836,1918,0.000390625,313.3425891657653,-0.012761000266980472,-0.012761000266980472,-0.012761000266980472,False,-0.04625242938485211,0.000390625,False
trial,252,252,252,944.4244042703958,944.4244042703958,944.4244042703958,944.4244042703958,3836,1918,0,0,3836,1918,970508,485254,959000.0,959000.0,500.0,False,True,3836,1918,0,0,3836,1918,0.0001953125,313.3425891657653,0.6486899658808838,0.6486899658808838,0.6486899658808838,False,-0.027784970473705588,0.0001953125,True
trial,253,253,252,944.4585543193123,944.4585543193123,944.4244042703958,944.4244042703958,3836,1918,0,0,3836,1918,974344,487172,959000.0,959000.0,500.0,False,True,3836,1918,0,0,3836,1918,0.000390625,335.5320507313591,-0.8756688255005832,-0.8756688255005832,-0.8756688255005832,False,-0.03899881772874856,0.000390625,False
trial,254,254,254,944.4162261120705,944.4162261120705,944.4162261120705,944.4162261120705,3836,1918,0,0,3836,1918,978180,489090,959000.0,959000.0,500.0,False,True,3836,1918,0,0,3836,1918,0.0001953125,335.5320507313591,0.3771545404701349,0.3771545404701349,0.3771545404701349,False,-0.021683838977893895,0.0001953125,True
trial,255,255,255,944.4134135941802,944.4134135941802,944.4134135941802,944.4134135941802,3836,1918,0,0,3836,1918,982016,491008,959000.0,959000.0,500.0,False,True,3836,1918,0,0,3836,1918,0.000390625,352.6326712802313,0.05802334761400387,0.05802334761400387,0.05802334761400387,False,-0.04847217552913075,0.000390625,True
trial,256,256,255,945.3783646644109,945.3783646644109,944.4134135941802,944.4134135941802,3836,1918,0,0,3836,1918,985852,492926,959000.0,959000.0,500.0,False,True,3836,1918,0,0,3836,1918,0.00078125,993.189537946585,-7.1922447648482954,-7.1922447648482954,-7.1922447648482954,False,-0.1341654937755892,0.00078125,False
trial,257,257,255,944.4463028610659,944.4463028610659,944.4134135941802,944.4134135941802,3836,1918,0,0,3836,1918,989688,494844,959000.0,959000.0,500.0,False,True,3836,1918,0,0,3836,1918,0.000390625,993.189537946585,-0.3981617034421945,-0.3981617034421945,-0.3981617034421945,False,-0.08260278826763863,0.000390625,False
trial,258,258,258,944.3766072413874,944.3766072413874,944.3766072413874,944.3766072413874,3836,1918,0,0,3836,1918,993524,496762,959000.0,959000.0,500.0,False,True,3836,1918,0,0,3836,1918,0.0001953125,993.189537946585,0.6675493717372925,0.6675493717372925,0.6675493717372925,False,-0.05513652525345819,0.0001953125,True
trial,259,259,258,944.4169820161626,944.4169820161626,944.3766072413874,944.3766072413874,3836,1918,0,0,3836,1918,997360,498680,959000.0,959000.0,500.0,False,True,3836,1918,0,0,3836,1918,0.000390625,395.72480333278355,-0.7471382396404646,-0.7471382396404646,-0.7471382396404646,False,-0.05403922946654225,0.000390625,False
trial,260,260,260,944.3541968140062,944.3541968140062,944.3541968140062,944.3541968140062,3836,1918,0,0,3836,1918,1001196,500598,959000.0,959000.0,500.0,False,True,3836,1918,0,0,3836,1918,0.0001953125,395.72480333278355,0.6831766379444485,0.6831766379444485,0.6831766379444485,False,-0.032803269515609884,0.0001953125,True
trial,261,261,260,944.4073086961206,944.4073086961206,944.3541968140062,944.3541968140062,3836,1918,0,0,3836,1918,1005032,502516,959000.0,959000.0,500.0,False,True,3836,1918,0,0,3836,1918,0.000390625,332.8606108682803,-1.28253909209583,-1.28253909209583,-1.28253909209583,False,-0.04141151130733206,0.000390625,False
trial,262,262,262,944.344126735106,944.344126735106,944.344126735106,944.344126735106,3836,1918,0,0,3836,1918,1008868,504434,959000.0,959000.0,500.0,False,True,3836,1918,0,0,3836,1918,0.0001953125,332.8606108682803,0.44899643142998646,0.44899643142998646,0.44899643142998646,False,-0.022427970904163222,0.0001953125,True
trial,263,263,262,944.3694475536239,944.3694475536239,944.344126735106,944.344126735106,3836,1918,0,0,3836,1918,1012704,506352,959000.0,959000.0,500.0,False,True,3836,1918,0,0,3836,1918,0.000390625,378.61750386140216,-0.5193416928475125,-0.5193416928475125,-0.5193416928475125,False,-0.048755605156750856,0.000390625,False
trial,264,264,264,944.3262321149759,944.3262321149759,944.3262321149759,944.3262321149759,3836,1918,0,0,3836,1918,1016540,508270,959000.0,959000.0,500.0,False,True,3836,1918,0,0,3836,1918,0.0001953125,378.61750386140216,0.6190308340765767,0.6190308340765767,0.6190308340765767,False,-0.028907477858908816,0.0001953125,True
trial,265,265,264,944.3634559286572,944.3634559286572,944.3262321149759,944.3262321149759,3836,1918,0,0,3836,1918,1020376,510188,959000.0,959000.0,500.0,False,True,3836,1918,0,0,3836,1918,0.000390625,408.49404396315066,-0.8721164996906452,-0.8721164996906452,-0.8721164996906452,False,-0.04268215736601456,0.000390625,False
trial,266,266,266,944.3151447902943,944.3151447902943,944.3151447902943,944.3151447902943,3836,1918,0,0,3836,1918,1024212,512106,959000.0,959000.0,500.0,False,True,3836,1918,0,0,3836,1918,0.0001953125,408.49404396315066,0.46316333619520444,0.46316333619520444,0.46316333619520444,False,-0.02393826068510867,0.0001953125,True
trial,267,267,266,944.334099417486,944.334099417486,944.3151447902943,944.3151447902943,3836,1918,0,0,3836,1918,1028048,514024,959000.0,959000.0,500.0,False,True,3836,1918,0,0,3836,1918,0.000390625,397.56012493794026,-0.38368092065002024,-0.38368092065002024,-0.38368092065002024,False,-0.04940205825073251,0.000390625,False
trial,268,268,268,944.2966997745809,944.2966997745809,944.2966997745809,944.2966997745809,3836,1918,0,0,3836,1918,1031884,515942,959000.0,959000.0,500.0,False,True,3836,1918,0,0,3836,1918,0.0001953125,397.56012493794026,0.6247205672901022,0.6247205672901022,0.6247205672901022,False,-0.029525225643510927,0.0001953125,True
trial,269,269,268,944.3430011406695,944.3430011406695,944.2966997745809,944.2966997745809,3836,1918,0,0,3836,1918,1035720,517860,959000.0,959000.0,500.0,False,True,3836,1918,0,0,3836,1918,0.000390625,406.31871257635714,-1.0581159733643066,-1.0581159733643066,-1.0581159733643066,False,-0.04375830934799303,0.000390625,False
trial,270,270,270,944.2853653608976,944.2853653608976,944.2853653608976,944.2853653608976,3836,1918,0,0,3836,1918,1039556,519778,959000.0,959000.0,500.0,False,True,3836,1918,0,0,3836,1918,0.0001953125,406.31871257635714,0.4679541425977976,0.4679541425977976,0.4679541425977976,False,-0.024221205993467082,0.0001953125,True
trial,271,271,270,944.3038309694873,944.3038309694873,944.2853653608976,944.2853653608976,3836,1918,0,0,3836,1918,1043392,521696,959000.0,959000.0,500.0,False,True,3836,1918,0,0,3836,1918,0.000390625,397.9964544601341,-0.37055816728869184,-0.37055816728869184,-0.37055816728869184,False,-0.04983187585594312,0.000390625,False
trial,272,272,272,944.2664357294657,944.2664357294657,944.2664357294657,944.2664357294657,3836,1918,0,0,3836,1918,1047228,523614,959000.0,959000.0,500.0,False,True,3836,1918,0,0,3836,1918,0.0001953125,397.9964544601341,0.6360614087393323,0.6360614087393323,0.6360614087393323,False,-0.029760697900862172,0.0001953125,True
trial,273,273,272,944.3155564903061,944.3155564903061,944.2664357294657,944.2664357294657,3836,1918,0,0,3836,1918,1051064,525532,959000.0,959000.0,500.0,False,True,3836,1918,0,0,3836,1918,0.000390625,396.65145413835813,-1.1226151823128887,-1.1226151823128887,-1.1226151823128887,False,-0.04375565341920806,0.000390625,False
trial,274,274,274,944.2552134780285,944.2552134780285,944.2552134780285,944.2552134780285,3836,1918,0,0,3836,1918,1054900,527450,959000.0,959000.0,500.0,False,True,3836,1918,0,0,3836,1918,0.0001953125,396.65145413835813,0.4663222794502118,0.4663222794502118,0.4663222794502118,False,-0.024065441287527675,0.0001953125,True
trial,275,275,274,944.284030020597,944.284030020597,944.2552134780285,944.2552134780285,3836,1918,0,0,3836,1918,1058736,529368,959000.0,959000.0,500.0,False,True,3836,1918,0,0,3836,1918,0.000390625,398.8579015086531,-0.5669030491891734,-0.5669030491891734,-0.5669030491891734,False,-0.0508315180342072,0.000390625,False
trial,276,276,276,944.2362475728086,944.2362475728086,944.2362475728086,944.2362475728086,3836,1918,0,0,3836,1918,1062572,531286,959000.0,959000.0,500.0,False,True,3836,1918,0,0,3836,1918,0.0001953125,398.8579015086531,0.6292339900996974,0.6292339900996974,0.6292339900996974,False,-0.030141259878440643,0.0001953125,True
trial,277,277,276,944.2850404374049,944.2850404374049,944.2362475728086,944.2362475728086,3836,1918,0,0,3836,1918,1066408,533204,959000.0,959000.0,500.0,False,True,3836,1918,0,0,3836,1918,0.000390625,407.9755563119449,-1.100326969970945,-1.100326969970945,-1.100326969970945,False,-0.044343968591065486,0.000390625,False
trial,278,278,278,944.2245874842101,944.2245874842101,944.2245874842101,944.2245874842101,3836,1918,0,0,3836,1918,1070244,535122,959000.0,959000.0,500.0,False,True,3836,1918,0,0,3836,1918,0.0001953125,407.9755563119449,0.47365335812395337,0.47365335812395337,0.47365335812395337,False,-0.024617345994581107,0.0001953125,True
trial,279,279,278,944.251924104412,944.251924104412,944.2245874842101,944.2245874842101,3836,1918,0,0,3836,1918,1074080,537040,959000.0,959000.0,500.0,False,True,3836,1918,0,0,3836,1918,0.000390625,406.06307405137363,-0.5338742250007219,-0.5338742250007219,-0.5338742250007219,False,-0.051204232985372924,0.000390625,False
trial,280,280,280,944.2052484056153,944.2052484056153,944.2052484056153,944.2052484056153,3836,1918,0,0,3836,1918,1077916,538958,959000.0,959000.0,500.0,False,True,3836,1918,0,0,3836,1918,0.0001953125,406.06307405137363,0.6363811261851603,0.6363811261851603,0.6363811261851603,False,-0.030389145433600835,0.0001953125,True
trial,281,281,280,944.2555230799184,944.2555230799184,944.2052484056153,944.2052484056153,3836,1918,0,0,3836,1918,1081752,540876,959000.0,959000.0,500.0,False,True,3836,1918,0,0,3836,1918,0.000390625,406.1249843967731,-1.128678851756773,-1.128678851756773,-1.128678851756773,False,-0.044542939937978455,0.000390625,False
trial,282,282,282,944.1923966354535,944.1923966354535,944.1923966354535,944.1923966354535,3836,1918,0,0,3836,1918,1085588,542794,959000.0,959000.0,500.0,False,True,3836,1918,0,0,3836,1918,0.0001953125,406.1249843967731,0.5268928136055024,0.5268928136055024,0.5268928136055024,False,-0.024391621654183904,0.0001953125,True
trial,283,283,282,944.2123886352775,944.2123886352775,944.1923966354535,944.1923966354535,3836,1918,0,0,3836,1918,1089424,544712,959000.0,959000.0,500.0,False,True,3836,1918,0,0,3836,1918,0.000390625,368.3859195467463,-0.4004045635906884,-0.4004045635906884,-0.4004045635906884,False,-0.04992950041511392,0.000390625,False
trial,284,284,284,944.1734732316402,944.1734732316402,944.1734732316402,944.1734732316402,3836,1918,0,0,3836,1918,1093260,546630,959000.0,959000.0,500.0,False,True,3836,1918,0,0,3836,1918,0.0001953125,368.3859195467463,0.6467863473510193,0.6467863473510193,0.6467863473510193,False,-0.029257580792867856,0.0001953125,True
trial,285,285,284,944.2171959790035,944.2171959790035,944.1734732316402,944.1734732316402,3836,1918,0,0,3836,1918,1097096,548548,959000.0,959000.0,500.0,False,True,3836,1918,0,0,3836,1918,0.000390625,375.47020301599036,-0.9796285638062111,-0.9796285638062111,-0.9796285638062111,False,-0.04463196458197534,0.000390625,False
trial,286,286,286,944.1616371892684,944.1616371892684,944.1616371892684,944.1616371892684,3836,1918,0,0,3836,1918,1100932,550466,959000.0,959000.0,500.0,False,True,3836,1918,0,0,3836,1918,0.0001953125,375.47020301599036,0.48428269922849265,0.48428269922849265,0.48428269922849265,False,-0.02444035764779346,0.0001953125,True
trial,287,287,286,944.1902837905025,944.1902837905025,944.1616371892684,944.1616371892684,3836,1918,0,0,3836,1918,1104768,552384,959000.0,959000.0,500.0,False,True,3836,1918,0,0,3836,1918,0.000390625,393.14987291821217,-0.5587865859156456,-0.5587865859156456,-0.5587865859156456,False,-0.05126572819770045,0.000390625,False
trial,288,288,288,944.1421195935468,944.1421195935468,944.1421195935468,944.1421195935468,3836,1918,0,0,3836,1918,1108604,554302,959000.0,959000.0,500.0,False,True,3836,1918,0,0,3836,1918,0.0001953125,393.14987291821217,0.6470311540345062,0.6470311540345062,0.6470311540345062,False,-0.030164846931859324,0.0001953125,True
trial,289,289,288,944.1866936162882,944.1866936162882,944.1421195935468,944.1421195935468,3836,1918,0,0,3836,1918,1112440,556220,959000.0,959000.0,500.0,False,True,3836,1918,0,0,3836,1918,0.000390625,396.22696484976325,-0.9930086910257172,-0.9930086910257172,-0.9930086910257172,False,-0.04488784755279008,0.000390625,False
trial,290,290,290,944.1294602417972,944.1294602417972,944.1294602417972,944.1294602417972,3836,1918,0,0,3836,1918,1116276,558138,959000.0,959000.0,500.0,False,True,3836,1918,0,0,3836,1918,0.0001953125,396.22696484976325,0.5114713090964045,0.5114713090964045,0.5114713090964045,False,-0.024750854103482132,0.0001953125,True
trial,291,291,290,944.1512206972043,944.1512206972043,944.1294602417972,944.1294602417972,3836,1918,0,0,3836,1918,1120112,560056,959000.0,959000.0,500.0,False,True,3836,1918,0,0,3836,1918,0.000390625,376.9436232467345,-0.4272601437429464,-0.4272601437429464,-0.4272601437429464,False,-0.05093022535736314,0.000390625,False
trial,292,292,292,944.1099749032026,944.1099749032026,944.1099749032026,944.1099749032026,3836,1918,0,0,3836,1918,1123948,561974,959000.0,959000.0,500.0,False,True,3836,1918,0,0,3836,1918,0.0001953125,376.9436232467345,0.6504572016435447,0.6504572016435447,0.6504572016435447,False,-0.029956373064119392,0.0001953125,True
trial,293,293,292,944.1578439579962,944.1578439579962,944.1099749032026,944.1099749032026,3836,1918,0,0,3836,1918,1127784,563892,959000.0,959000.0,500.0,False,True,3836,1918,0,0,3836,1918,0.000390625,389.40208616540224,-1.066003668890103,-1.066003668890103,-1.066003668890103,False,-0.04490515013281031,0.000390625,False
trial,294,294,294,944.0980628746466,944.0980628746466,944.0980628746466,944.0980628746466,3836,1918,0,0,3836,1918,1131620,565810,959000.0,959000.0,500.0,False,True,3836,1918,0,0,3836,1918,0.0001953125,389.40208616540224,0.48287780582256035,0.48287780582256035,0.48287780582256035,False,-0.02466882596854996,0.0001953125,True
trial,295,295,294,944.1245669417154,944.1245669417154,944.0980628746466,944.0980628746466,3836,1918,0,0,3836,1918,1135456,567728,959000.0,959000.0,500.0,False,True,3836,1918,0,0,3836,1918,0.000390625,402.64940498949244,-0.5097094793818694,-0.5097094793818694,-0.5097094793818694,False,-0.051998379745539114,0.000390625,False
trial,296,296,296,944.078273028503,944.078273028503,944.078273028503,944.078273028503,3836,1918,0,0,3836,1918,1139292,569646,959000.0,959000.0,500.0,False,True,3836,1918,0,0,3836,1918,0.0001953125,402.64940498949244,0.6448472680867121,0.6448472680867121,0.6448472680867121,False,-0.03068919901358659,0.0001953125,True
trial,297,297,296,944.1236779883502,944.1236779883502,944.078273028503,944.078273028503,3836,1918,0,0,3836,1918,1143128,571564,959000.0,959000.0,500.0,False,True,3836,1918,0,0,3836,1918,0.000390625,407.5583154940337,-1.0064854407596449,-1.0064854407596449,-1.0064854407596449,False,-0.04511238613941319,0.000390625,False
trial,298,298,298,944.0656601281579,944.0656601281579,944.0656601281579,944.0656601281579,3836,1918,0,0,3836,1918,1146964,573482,959000.0,959000.0,500.0,False,True,3836,1918,0,0,3836,1918,0.0001953125,407.5583154940337,0.5039575327383601,0.5039575327383601,0.5039575327383601,False,-0.02502770476815099,0.0001953125,True
trial,299,299,298,944.090193782755,944.090193782755,944.0656601281579,944.0656601281579,3836,1918,0,0,3836,1918,1150800,575400,959000.0,959000.0,500.0,False,True,3836,1918,0,0,3836,1918,0.000390625,393.2316449007405,-0.47367727395585024,-0.47367727395585024,-0.47367727395585024,False,-0.05179402928122747,0.000390625,False
trial,300,300,300,944.0456991246782,944.0456991246782,944.0456991246782,944.0456991246782,3836,1918,0,0,3836,1918,1154636,577318,959000.0,959000.0,500.0,False,True,3836,1918,0,0,3836,1918,0.0001953125,393.2316449007405,0.6547306122568443,0.6547306122568443,0.6547306122568443,False,-0.030487353280898397,0.0001953125,True
trial,301,301,300,944.0856615856854,944.0856615856854,944.0456991246782,944.0456991246782,3836,1918,0,0,3836,1918,1158472,579236,959000.0,959000.0,500.0,False,True,3836,1918,0,0,3836,1918,0.000390625,391.08385173408095,-0.8931091313830478,-0.8931091313830478,-0.8931091313830478,False,-0.04474532798175535,0.000390625,False
trial,302,302,302,944.0335514947933,944.0335514947933,944.0335514947933,944.0335514947933,3836,1918,0,0,3836,1918,1162308,581154,959000.0,959000.0,500.0,False,True,3836,1918,0,0,3836,1918,0.0001953125,391.08385173408095,0.49209312434834035,0.49209312434834035,0.49209312434834035,False,-0.024685632218483248,0.0001953125,True
trial,303,303,302,944.0585550983642,944.0585550983642,944.0335514947933,944.0335514947933,3836,1918,0,0,3836,1918,1166144,583072,959000.0,959000.0,500.0,False,True,3836,1918,0,0,3836,1918,0.000390625,402.8178170309905,-0.479720778270468,-0.479720778270468,-0.479720778270468,False,-0.05212116027377363,0.000390625,False
trial,304,304,304,944.01366225602,944.01366225602,944.01366225602,944.01366225602,3836,1918,0,0,3836,1918,1169980,584990,959000.0,959000.0,500.0,False,True,3836,1918,0,0,3836,1918,0.0001953125,402.8178170309905,0.6462362928168106,0.6462362928168106,0.6462362928168106,False,-0.03077703774052001,0.0001953125,True
trial,305,305,304,944.055539487586,944.055539487586,944.01366225602,944.01366225602,3836,1918,0,0,3836,1918,1173816,586908,959000.0,959000.0,500.0,False,True,3836,1918,0,0,3836,1918,0.000390625,404.9510306234915,-0.9343828935555564,-0.9343828935555564,-0.9343828935555564,False,-0.044818063188889964,0.000390625,False
trial,306,306,306,944.0005234920027,944.0005234920027,944.0005234920027,944.0005234920027,3836,1918,0,0,3836,1918,1177652,588826,959000.0,959000.0,500.0,False,True,3836,1918,0,0,3836,1918,0.0001953125,404.9510306234915,0.5335994617907512,0.5335994617907512,0.5335994617907512,False,-0.024622895932475967,0.0001953125,True
trial,307,307,306,944.0172502058836,944.0172502058836,944.0005234920027,944.0005234920027,3836,1918,0,0,3836,1918,1181488,590744,959000.0,959000.0,500.0,False,True,3836,1918,0,0,3836,1918,0.000390625,366.27412819538785,-0.3297632331023465,-0.3297632331023465,-0.3297632331023465,False,-0.050723404557595844,0.000390625,False
trial,308,308,308,943.9811424457084,943.9811424457084,943.9811424457084,943.9811424457084,3836,1918,0,0,3836,1918,1185324,592662,959000.0,959000.0,500.0,False,True,3836,1918,0,0,3836,1918,0.0001953125,366.27412819538785,0.6523178164246262,0.6523178164246262,0.6523178164246262,False,-0.029711048520006132,0.0001953125,True
trial,309,309,308,944.0165232679007,944.0165232679007,943.9811424457084,943.9811424457084,3836,1918,0,0,3836,1918,1189160,594580,959000.0,959000.0,500.0,False,True,3836,1918,0,0,3836,1918,0.000390625,378.1050911256282,-0.8122213378769929,-0.8122213378769929,-0.8122213378769929,False,-0.04356056722752815,0.000390625,False
trial,310,310,310,943.9692925008744,943.9692925008744,943.9692925008744,943.9692925008744,3836,1918,0,0,3836,1918,1192996,596498,959000.0,959000.0,500.0,False,True,3836,1918,0,0,3836,1918,0.0001953125,378.1050911256282,0.48395273595702515,0.48395273595702515,0.48395273595702515,False,-0.024485748201378006,0.0001953125,True
trial,311,311,310,943.984268182149,943.984268182149,943.9692925008744,943.9692925008744,3836,1918,0,0,3836,1918,1196832,598416,959000.0,959000.0,500.0,False,True,3836,1918,0,0,3836,1918,0.000390625,395.3096709429904,-0.29157586607808567,-0.29157586607808567,-0.29157586607808567,False,-0.05136118251485546,0.000390625,False
trial,312,312,312,943.9498031669791,943.9498031669791,943.9498031669791,943.9498031669791,3836,1918,0,0,3836,1918,1200668,600334,959000.0,959000.0,500.0,False,True,3836,1918,0,0,3836,1918,0.0001953125,395.3096709429904,0.6391987519092257,0.6391987519092257,0.6391987519092257,False,-0.03049025649235884,0.0001953125,True
trial,313,313,312,943.9931754877368,943.9931754877368,943.9498031669791,943.9498031669791,3836,1918,0,0,3836,1918,1204504,602252,959000.0,959000.0,500.0,False,True,3836,1918,0,0,3836,1918,0.000390625,404.3022614548689,-0.9815875886162952,-0.9815875886162952,-0.9815875886162952,False,-0.044185889533165476,0.000390625,False
trial,314,314,314,943.9379894715663,943.9379894715663,943.9379894715663,943.9379894715663,3836,1918,0,0,3836,1918,1208340,604170,959000.0,959000.0,500.0,False,True,3836,1918,0,0,3836,1918,0.0001953125,404.3022614548689,0.47949890785119387,0.47949890785119387,0.47949890785119387,False,-0.024637585653195827,0.0001953125,True
trial,315,315,314,943.9652048332513,943.9652048332513,943.9379894715663,943.9379894715663,3836,1918,0,0,3836,1918,1212176,606088,959000.0,959000.0,500.0,False,True,3836,1918,0,0,3836,1918,0.000390625,402.64996968565595,-0.5356879176097468,-0.5356879176097468,-0.5356879176097468,False,-0.0508045091000037,0.000390625,False
trial,316,316,316,943.918767021067,943.918767021067,943.918767021067,943.918767021067,3836,1918,0,0,3836,1918,1216012,608006,959000.0,959000.0,500.0,False,True,3836,1918,0,0,3836,1918,0.0001953125,402.64996968565595,0.6350327132185267,0.6350327132185267,0.6350327132185267,False,-0.030270016172737065,0.0001953125,True
trial,317,317,316,943.9693713276133,943.9693713276133,943.918767021067,943.918767021067,3836,1918,0,0,3836,1918,1219848,609924,959000.0,959000.0,500.0,False,True,3836,1918,0,0,3836,1918,0.000390625,406.20236790405784,-1.1900694696267555,-1.1900694696267555,-1.1900694696267555,False,-0.042522144998996106,0.000390625,False
trial,318,318,318,943.9075218406736,943.9075218406736,943.9075218406736,943.9075218406736,3836,1918,0,0,3836,1918,1223684,611842,959000.0,959000.0,500.0,False,True,3836,1918,0,0,3836,1918,0.0001953125,406.20236790405784,0.4718833137964541,0.4718833137964541,0.4718833137964541,False,-0.023830426007110227,0.0001953125,True
trial,319,319,318,943.9346270141561,943.9346270141561,943.9075218406736,943.9075218406736,3836,1918,0,0,3836,1918,1227520,613760,959000.0,959000.0,500.0,False,True,3836,1918,0,0,3836,1918,0.000390625,395.64099364099906,-0.5544898116231091,-0.5544898116231091,-0.5544898116231091,False,-0.04888308660397821,0.000390625,False
trial,320,320,320,943.8893054307725,943.8893054307725,943.8893054307725,943.8893054307725,3836,1918,0,0,3836,1918,1231356,615678,959000.0,959000.0,500.0,False,True,3836,1918,0,0,3836,1918,0.0001953125,395.64099364099906,0.6242314088535685,0.6242314088535685,0.6242314088535685,False,-0.029182142459749767,0.0001953125,True
trial,321,321,320,943.9348350315032,943.9348350315032,943.8893054307725,943.8893054307725,3836,1918,0,0,3836,1918,1235192,617596,959000.0,959000.0,500.0,False,True,3836,1918,0,0,3836,1918,0.000390625,404.77509358514953,-1.1115287309108761,-1.1115287309108761,-1.1115287309108761,False,-0.04096124505334525,0.000390625,False
trial,322,322,322,943.8789584357653,943.8789584357653,943.8789584357653,943.8789584357653,3836,1918,0,0,3836,1918,1239028,619514,959000.0,959000.0,500.0,False,True,3836,1918,0,0,3836,1918,0.0001953125,404.77509358514953,0.4489134872730937,0.4489134872730937,0.4489134872730937,False,-0.02304897335585047,0.0001953125,True
trial,323,323,322,943.9098624282699,943.9098624282699,943.8789584357653,943.8789584357653,3836,1918,0,0,3836,1918,1242864,621432,959000.0,959000.0,500.0,False,True,3836,1918,0,0,3836,1918,0.000390625,399.2367571515106,-0.6394310136919418,-0.6394310136919418,-0.6394310136919418,False,-0.04833045605054036,0.000390625,False
trial,324,324,324,943.8609507960284,943.8609507960284,943.8609507960284,943.8609507960284,3836,1918,0,0,3836,1918,1246700,623350,959000.0,959000.0,500.0,False,True,3836,1918,0,0,3836,1918,0.0001953125,399.2367571515106,0.6215219981706742,0.6215219981706742,0.6215219981706742,False,-0.02897345514701208,0.0001953125,True
trial,325,325,324,943.9137631984859,943.9137631984859,943.8609507960284,943.8609507960284,3836,1918,0,0,3836,1918,1250536,625268,959000.0,959000.0,500.0,False,True,3836,1918,0,0,3836,1918,0.000390625,407.4329084238657,-1.318598179683361,-1.318598179683361,-1.318598179683361,False,-0.04005193035389304,0.000390625,False
trial,326,326,326,943.8509850854985,943.8509850854985,943.8509850854985,943.8509850854985,3836,1918,0,0,3836,1918,1254372,627186,959000.0,959000.0,500.0,False,True,3836,1918,0,0,3836,1918,0.0001953125,407.4329084238657,0.44195407179494905,0.44195407179494905,0.44195407179494905,False,-0.02254919948919976,0.0001953125,True
trial,327,327,326,943.8818792950001,943.8818792950001,943.8509850854985,943.8509850854985,3836,1918,0,0,3836,1918,1258208,629104,959000.0,959000.0,500.0,False,True,3836,1918,0,0,3836,1918,0.000390625,400.22313837492607,-0.6528829407137725,-0.6528829407137725,-0.6528829407137725,False,-0.04731967643060736,0.000390625,False
trial,328,328,328,943.83331455898,943.83331455898,943.83331455898,943.83331455898,3836,1918,0,0,3836,1918,1262044,631022,959000.0,959000.0,500.0,False,True,3836,1918,0,0,3836,1918,0.0001953125,400.22313837492607,0.620574430652282,0.620574430652282,0.620574430652282,False,-0.02847446759917752,0.0001953125,True
trial,329,329,328,943.8830978211572,943.8830978211572,943.83331455898,943.83331455898,3836,1918,0,0,3836,1918,1265880,632940,959000.0,959000.0,500.0,False,True,3836,1918,0,0,3836,1918,0.000390625,396.2238977033084,-1.2806498035017089,-1.2806498035017089,-1.2806498035017089,False,-0.03887343912529381,0.000390625,False
trial,330,330,330,943.8239854722166,943.8239854722166,943.8239854722166,943.8239854722166,3836,1918,0,0,3836,1918,1269716,634858,959000.0,959000.0,500.0,False,True,3836,1918,0,0,3836,1918,0.0001953125,396.2238977033084,0.4261165308945893,0.4261165308945893,0.4261165308945893,False,-0.02189327586939974,0.0001953125,True
trial,331,331,330,943.8538525342551,943.8538525342551,943.8239854722166,943.8239854722166,3836,1918,0,0,3836,1918,1273552,636776,959000.0,959000.0,500.0,False,True,3836,1918,0,0,3836,1918,0.000390625,396.8955203953198,-0.6463644832265671,-0.6463644832265671,-0.6463644832265671,False,-0.04620777102331065,0.000390625,False
trial,332,332,332,943.8067431483665,943.8067431483665,943.8067431483665,943.8067431483665,3836,1918,0,0,3836,1918,1277388,638694,959000.0,959000.0,500.0,False,True,3836,1918,0,0,3836,1918,0.0001953125,396.8955203953198,0.6173124104808273,0.6173124104808273,0.6173124104808273,False,-0.027931276866135432,0.0001953125,True
trial,333,333,332,943.8600087957784,943.8600087957784,943.8067431483665,943.8067431483665,3836,1918,0,0,3836,1918,1281224,640612,959000.0,959000.0,500.0,False,True,3836,1918,0,0,3836,1918,0.000390625,399.3163973972624,-1.4241911782454246,-1.4241911782454246,-1.4241911782454246,False,-0.037400630073765026,0.000390625,False
trial,334,334,334,943.7978845097443,943.7978845097443,943.7978845097443,943.7978845097443,3836,1918,0,0,3836,1918,1285060,642530,959000.0,959000.0,500.0,False,True,3836,1918,0,0,3836,1918,0.0001953125,399.3163973972624,0.41971790749848475,0.41971790749848475,0.41971790749848475,False,-0.02110617265533868,0.0001953125,True
trial,335,335,334,943.831994952242,943.831994952242,943.7978845097443,943.7978845097443,3836,1918,0,0,3836,1918,1288896,644448,959000.0,959000.0,500.0,False,True,3836,1918,0,0,3836,1918,0.000390625,389.5197186244913,-0.7574462500808199,-0.7574462500808199,-0.7574462500808199,False,-0.045033482565937415,0.000390625,False
trial,336,336,336,943.7817383777973,943.7817383777973,943.7817383777973,943.7817383777973,3836,1918,0,0,3836,1918,1292732,646366,959000.0,959000.0,500.0,False,True,3836,1918,0,0,3836,1918,0.0001953125,389.5197186244913,0.5934282955758374,0.5934282955758374,0.5934282955758374,False,-0.027208227291170117,0.0001953125,True
trial,337,337,336,943.8374921670498,943.8374921670498,943.7817383777973,943.7817383777973,3836,1918,0,0,3836,1918,1296568,648284,959000.0,959000.0,500.0,False,True,3836,1918,0,0,3836,1918,0.000390625,405.82199559238455,-1.5134557254761782,-1.5134557254761782,-1.5134557254761782,False,-0.03683873159553908,0.000390625,False
trial,338,338,338,943.7734956698553,943.7734956698553,943.7734956698553,943.7734956698553,3836,1918,0,0,3836,1918,1300404,650202,959000.0,959000.0,500.0,False,True,3836,1918,0,0,3836,1918,0.0001953125,405.82199559238455,0.39363346951775463,0.39363346951775463,0.39363346951775463,False,-0.020940058659467013,0.0001953125,True
trial,339,339,338,943.8087938507751,943.8087938507751,943.7734956698553,943.7734956698553,3836,1918,0,0,3836,1918,1304240,652120,959000.0,959000.0,500.0,False,True,3836,1918,0,0,3836,1918,0.000390625,401.70171542005806,-0.7994973192433199,-0.7994973192433199,-0.7994973192433199,False,-0.044150468138265536,0.000390625,False
trial,340,340,340,943.7573946639449,943.7573946639449,943.7573946639449,943.7573946639449,3836,1918,0,0,3836,1918,1308076,654038,959000.0,959000.0,500.0,False,True,3836,1918,0,0,3836,1918,0.0001953125,401.70171542005806,0.5988321645142972,0.5988321645142972,0.5988321645142972,False,-0.026887343173123218,0.0001953125,True
trial,341,341,340,943.8157797319193,943.8157797319193,943.7573946639449,943.7573946639449,3836,1918,0,0,3836,1918,1311912,655956,959000.0,959000.0,500.0,False,True,3836,1918,0,0,3836,1918,0.000390625,398.1664677031672,-1.6656561105198444,-1.6656561105198444,-1.6656561105198444,False,-0.03505229417145751,0.000390625,False
trial,342,342,342,943.7500600014241,943.7500600014241,943.7500600014241,943.7500600014241,3836,1918,0,0,3836,1918,1315748,657874,959000.0,959000.0,500.0,False,True,3836,1918,0,0,3836,1918,0.0001953125,398.1664677031672,0.36598198343330396,0.36598198343330396,0.36598198343330396,False,-0.020041048064554326,0.0001953125,True
trial,343,343,342,943.7846690183064,943.7846690183064,943.7500600014241,943.7500600014241,3836,1918,0,0,3836,1918,1319584,659792,959000.0,959000.0,500.0,False,True,3836,1918,0,0,3836,1918,0.000390625,388.8745222063867,-0.8091772690964166,-0.8091772690964166,-0.8091772690964166,False,-0.042770624193337395,0.000390625,False
trial,344,344,344,943.7343008295298,943.7343008295298,943.7343008295298,943.7343008295298,3836,1918,0,0,3836,1918,1323420,661710,959000.0,959000.0,500.0,False,True,3836,1918,0,0,3836,1918,0.0001953125,388.8745222063867,0.5994818519251482,0.5994818519251482,0.5994818519251482,False,-0.026287988274650398,0.0001953125,True
trial,345,345,344,943.7881889610645,943.7881889610645,943.7343008295298,943.7343008295298,3836,1918,0,0,3836,1918,1327256,663628,959000.0,959000.0,500.0,False,True,3836,1918,0,0,3836,1918,0.000390625,378.0742285229561,-1.6468803801975749,-1.6468803801975749,-1.6468803801975749,False,-0.03272133919538963,0.000390625,False
trial,346,346,346,943.7278893474728,943.7278893474728,943.7278893474728,943.7278893474728,3836,1918,0,0,3836,1918,1331092,665546,959000.0,959000.0,500.0,False,True,3836,1918,0,0,3836,1918,0.0001953125,378.0742285229561,0.33963888473839615,0.33963888473839615,0.33963888473839615,False,-0.018877349871128733,0.0001953125,True
trial,347,347,346,943.7651441620562,943.7651441620562,943.7278893474728,943.7278893474728,3836,1918,0,0,3836,1918,1334928,667464,959000.0,959000.0,500.0,False,True,3836,1918,0,0,3836,1918,0.000390625,400.77072961855896,-0.9112062140767696,-0.9112062140767696,-0.9112062140767696,False,-0.04088516299373661,0.000390625,False
trial,348,348,348,943.7132793803257,943.7132793803257,943.7132793803257,943.7132793803257,3836,1918,0,0,3836,1918,1338764,669382,959000.0,959000.0,500.0,False,True,3836,1918,0,0,3836,1918,0.0001953125,400.77072961855896,0.5777162791737848,0.5777162791737848,0.5777162791737848,False,-0.025289173377563166,0.0001953125,True
trial,349,349,348,943.7741397920447,943.7741397920447,943.7132793803257,943.7132793803257,3836,1918,0,0,3836,1918,1342600,671300,959000.0,959000.0,500.0,False,True,3836,1918,0,0,3836,1918,0.000390625,399.24511317199915,-1.9515341425915942,-1.9515341425915942,-1.9515341425915942,False,-0.031185932334320203,0.000390625,False
trial,350,350,350,943.7067202231221,943.7067202231221,943.7067202231221,943.7067202231221,3836,1918,0,0,3836,1918,1346436,673218,959000.0,959000.0,500.0,False,True,3836,1918,0,0,3836,1918,0.0001953125,399.24511317199915,0.36605369289144846,0.36605369289144846,0.36605369289144846,False,-0.017918565857845032,0.0001953125,True
trial,351,351,350,943.7355356684627,943.7355356684627,943.7067202231221,943.7067202231221,3836,1918,0,0,3836,1918,1350272,675136,959000.0,959000.0,500.0,False,True,3836,1918,0,0,3836,1918,0.000390625,378.97414679902624,-0.7660639284782564,-0.7660639284782564,-0.7660639284782564,False,-0.03761493560701892,0.000390625,False
trial,352,352,352,943.6933947757462,943.6933947757462,943.6933947757462,943.6933947757462,3836,1918,0,0,3836,1918,1354108,677054,959000.0,959000.0,500.0,False,True,3836,1918,0,0,3836,1918,0.0001953125,378.97414679902624,0.5708417753734012,0.5708417753734012,0.5708417753734012,False,-0.023343504191137288,0.0001953125,True
trial,353,353,352,943.7542867652082,943.7542867652082,943.6933947757462,943.6933947757462,3836,1918,0,0,3836,1918,1357944,678972,959000.0,959000.0,500.0,False,True,3836,1918,0,0,3836,1918,0.000390625,368.39271022531136,-2.114526571164469,-2.114526571164469,-2.114526571164469,False,-0.028796984768301982,0.000390625,False
trial,354,354,354,943.6889416905738,943.6889416905738,943.6889416905738,943.6889416905738,3836,1918,0,0,3836,1918,1361780,680890,959000.0,959000.0,500.0,False,True,3836,1918,0,0,3836,1918,0.0001953125,368.39271022531136,0.26597264994125963,0.26597264994125963,0.26597264994125963,False,-0.016742643175789843,0.0001953125,True
trial,355,355,354,943.7245501148907,943.7245501148907,943.6889416905738,943.6889416905738,3836,1918,0,0,3836,1918,1365616,682808,959000.0,959000.0,500.0,False,True,3836,1918,0,0,3836,1918,0.000390625,394.680483425856,-0.9765735005429671,-0.9765735005429671,-0.9765735005429671,False,-0.03646261576536272,0.000390625,False
trial,356,356,356,943.6762439571204,943.6762439571204,943.6762439571204,943.6762439571204,3836,1918,0,0,3836,1918,1369452,684726,959000.0,959000.0,500.0,False,True,3836,1918,0,0,3836,1918,0.0001953125,394.680483425856,0.5485082170227661,0.5485082170227661,0.5485082170227661,False,-0.02314957745261611,0.0001953125,True
trial,357,357,356,943.7411295249924,943.7411295249924,943.6762439571204,943.6762439571204,3836,1918,0,0,3836,1918,1373288,686644,959000.0,959000.0,500.0,False,True,3836,1918,0,0,3836,1918,0.000390625,397.5280948482421,-2.411840918867071,-2.411840918867071,-2.411840918867071,False,-0.026902921898551313,0.000390625,False
trial,358,358,358,943.6725149247675,943.6725149247675,943.6725149247675,943.6725149247675,3836,1918,0,0,3836,1918,1377124,688562,959000.0,959000.0,500.0,False,True,3836,1918,0,0,3836,1918,0.0001953125,397.5280948482421,0.23343146432318856,0.23343146432318856,0.23343146432318856,False,-0.015974848822200297,0.0001953125,True
trial,359,359,358,943.7136530412811,943.7136530412811,943.6725149247675,943.6725149247675,3836,1918,0,0,3836,1918,1380960,690480,959000.0,959000.0,500.0,False,True,3836,1918,0,0,3836,1918,0.000390625,397.4052641277824,-1.1922838892923744,-1.1922838892923744,-1.1922838892923744,False,-0.034503625254895635,0.000390625,False
trial,360,360,360,943.6607279253408,943.6607279253408,943.6607279253408,943.6607279253408,3836,1918,0,0,3836,1918,1384796,692398,959000.0,959000.0,500.0,False,True,3836,1918,0,0,3836,1918,0.0001953125,397.4052641277824,0.5314221773683792,0.5314221773683792,0.5314221773683792,False,-0.02218010449822313,0.0001953125,True
trial,361,361,360,943.7248670579779,943.7248670579779,943.6607279253408,943.6607279253408,3836,1918,0,0,3836,1918,1388632,694316,959000.0,959000.0,500.0,False,True,3836,1918,0,0,3836,1918,0.000390625,394.59994332602776,-2.619244836793782,-2.619244836793782,-2.619244836793782,False,-0.024487643055030466,0.000390625,False
trial,362,362,362,943.6583000877683,943.6583000877683,943.6583000877683,943.6583000877683,3836,1918,0,0,3836,1918,1392468,696234,959000.0,959000.0,500.0,False,True,3836,1918,0,0,3836,1918,0.0001953125,394.59994332602776,0.1646323589355922,0.1646323589355922,0.1646323589355922,False,-0.014747025360855807,0.0001953125,True
trial,363,363,362,943.7014611865634,943.7014611865634,943.6583000877683,943.6583000877683,3836,1918,0,0,3836,1918,1396304,698152,959000.0,959000.0,500.0,False,True,3836,1918,0,0,3836,1918,0.000390625,402.110025093726,-1.336164733284787,-1.336164733284787,-1.336164733284787,False,-0.03230222869971095,0.000390625,False
trial,364,364,364,943.6476141630449,943.6476141630449,943.6476141630449,943.6476141630449,3836,1918,0,0,3836,1918,1400140,700070,959000.0,959000.0,500.0,False,True,3836,1918,0,0,3836,1918,0.0001953125,402.110025093726,0.5059933411340232,0.5059933411340232,0.5059933411340232,False,-0.02111870622551293,0.0001953125,True
trial,365,365,364,943.7141452203621,943.7141452203621,943.6476141630449,943.6476141630449,3836,1918,0,0,3836,1918,1403976,701988,959000.0,959000.0,500.0,False,True,3836,1918,0,0,3836,1918,0.000390625,400.2315365668231,-3.0481732713254726,-3.0481732713254726,-3.0481732713254726,False,-0.021826533925440518,0.000390625,False
trial,366,366,366,943.646092871335,943.646092871335,943.646092871335,943.646092871335,3836,1918,0,0,3836,1918,1407812,703906,959000.0,959000.0,500.0,False,True,3836,1918,0,0,3836,1918,0.0001953125,400.2315365668231,0.11268433468642117,0.11268433468642117,0.11268433468642117,False,-0.01350047204086865,0.0001953125,True
trial,367,367,366,943.6924345288422,943.6924345288422,943.646092871335,943.646092871335,3836,1918,0,0,3836,1918,1411648,705824,959000.0,959000.0,500.0,False,True,3836,1918,0,0,3836,1918,0.000390625,388.0199802654654,-1.5683244394011866,-1.5683244394011866,-1.5683244394011866,False,-0.02954851454392661,0.000390625,False
trial,368,368,368,943.6368788740776,943.6368788740776,943.6368788740776,943.6368788740776,3836,1918,0,0,3836,1918,1415484,707742,959000.0,959000.0,500.0,False,True,3836,1918,0,0,3836,1918,0.0001953125,388.0199802654654,0.46859491027728906,0.46859491027728906,0.46859491027728906,False,-0.01966303315564265,0.0001953125,True
trial,369,369,368,943.7065208156755,943.7065208156755,943.6368788740776,943.6368788740776,3836,1918,0,0,3836,1918,1419320,709660,959000.0,959000.0,500.0,False,True,3836,1918,0,0,3836,1918,0.000390625,400.3041122263122,-3.6324235427393265,-3.6324235427393265,-3.6324235427393265,False,-0.019172307628351645,0.000390625,False
trial,370,370,370,943.6365975409317,943.6365975409317,943.6365975409317,943.6365975409317,3836,1918,0,0,3836,1918,1423156,711578,959000.0,959000.0,500.0,False,True,3836,1918,0,0,3836,1918,0.0001953125,400.3041122263122,0.023073795343165133,0.023073795343165133,0.023073795343165133,False,-0.01219275553783497,0.0001953125,True
trial,371,371,371,943.6265364925401,943.6265364925401,943.6265364925401,943.6265364925401,3836,1918,0,0,3836,1918,1426992,713496,959000.0,959000.0,500.0,False,True,3836,1918,0,0,3836,1918,9.765625e-05,392.82925467758514,0.8134178309088381,0.8134178309088381,0.8134178309088381,False,-0.012368856458811061,9.765625e-05,True
trial,372,372,371,943.629391683846,943.629391683846,943.6265364925401,943.6265364925401,3836,1918,0,0,3836,1918,1430828,715414,959000.0,959000.0,500.0,False,True,3836,1918,0,0,3836,1918,0.0001953125,101.69532772774855,-0.49655642581973564,-0.49655642581973564,-0.49655642581973564,False,-0.005749983601960973,0.0001953125,False
trial,373,373,373,943.6247278843205,943.6247278843205,943.6247278843205,943.6247278843205,3836,1918,0,0,3836,1918,1434664,717332,959000.0,959000.0,500.0,False,True,3836,1918,0,0,3836,1918,9.765625e-05,101.69532772774855,0.556694475572705,0.556694475572705,0.556694475572705,False,-0.0032488345026513246,9.765625e-05,True
trial,374,374,373,943.6289953550847,943.6289953550847,943.6247278843205,943.6247278843205,3836,1918,0,0,3836,1918,1438500,719250,959000.0,959000.0,500.0,False,True,3836,1918,0,0,3836,1918,0.0001953125,95.94931232924468,-0.6374540241670338,-0.6374540241670338,-0.6374540241670338,False,-0.00669455459134979,0.0001953125,False
trial,375,375,375,943.6233067866142,943.6233067866142,943.6233067866142,943.6233067866142,3836,1918,0,0,3836,1918,1442336,721168,959000.0,959000.0,500.0,False,True,3836,1918,0,0,3836,1918,9.765625e-05,95.94931232924468,0.38582253942794387,0.38582253942794387,0.38582253942794387,False,-0.003683293641624341,9.765625e-05,True
trial,376,376,375,943.6273547661515,943.6273547661515,943.6233067866142,943.6233067866142,3836,1918,0,0,3836,1918,1446172,723086,959000.0,959000.0,500.0,False,True,3836,1918,0,0,3836,1918,0.0001953125,93.40694569615685,-0.6031312344277359,-0.6031312344277359,-0.6031312344277359,False,-0.006711606539712894,0.0001953125,False
trial,377,377,377,943.6216455480067,943.6216455480067,943.6216455480067,943.6216455480067,3836,1918,0,0,3836,1918,1450008,725004,959000.0,959000.0,500.0,False,True,3836,1918,0,0,3836,1918,9.765625e-05,93.40694569615685,0.43692677895369975,0.43692677895369975,0.43692677895369975,False,-0.003802098400829433,9.765625e-05,True
trial,378,378,377,943.626694465188,943.626694465188,943.6216455480067,943.6216455480067,3836,1918,0,0,3836,1918,1453844,726922,959000.0,959000.0,500.0,False,True,3836,1918,0,0,3836,1918,0.0001953125,107.97613315068081,-0.8475432907668389,-0.8475432907668389,-0.8475432907668389,False,-0.005957120109852715,0.0001953125,False
trial,379,379,379,943.6205641934134,943.6205641934134,943.6205641934134,943.6205641934134,3836,1918,0,0,3836,1918,1457680,728840,959000.0,959000.0,500.0,False,True,3836,1918,0,0,3836,1918,9.765625e-05,107.97613315068081,0.3259412182926083,0.3259412182926083,0.3259412182926083,False,-0.0033176368392117453,9.765625e-05,True
trial,380,380,379,943.6251238787765,943.6251238787765,943.6205641934134,943.6205641934134,3836,1918,0,0,3836,1918,1461516,730758,959000.0,959000.0,500.0,False,True,3836,1918,0,0,3836,1918,0.0001953125,103.38847077204399,-0.7439418950187672,-0.7439418950187672,-0.7439418950187672,False,-0.0061290880291189195,0.0001953125,False
trial,381,381,381,943.6191699055435,943.6191699055435,943.6191699055435,943.6191699055435,3836,1918,0,0,3836,1918,1465352,732676,959000.0,959000.0,500.0,False,True,3836,1918,0,0,3836,1918,9.765625e-05,103.38847077204399,0.3964450144829554,0.3964450144829554,0.3964450144829554,False,-0.0035169766778106694,9.765625e-05,True
trial,382,382,381,943.6247241718943,943.6247241718943,943.6191699055435,943.6191699055435,3836,1918,0,0,3836,1918,1469188,734594,959000.0,959000.0,500.0,False,True,3836,1918,0,0,3836,1918,0.0001953125,107.30446180884054,-1.0473934705042371,-1.0473934705042371,-1.0473934705042371,False,-0.005302941547032688,0.0001953125,False
trial,383,383,383,943.6184222976694,943.6184222976694,943.6184222976694,943.6184222976694,3836,1918,0,0,3836,1918,1473024,736512,959000.0,959000.0,500.0,False,True,3836,1918,0,0,3836,1918,9.765625e-05,107.30446180884054,0.2496341686135944,0.2496341686135944,0.2496341686135944,False,-0.002994813883733595,9.765625e-05,True
trial,384,384,383,943.6237319173349,943.6237319173349,943.6184222976694,943.6184222976694,3836,1918,0,0,3836,1918,1476860,738430,959000.0,959000.0,500.0,False,True,3836,1918,0,0,3836,1918,0.0001953125,100.32872498750963,-0.9595380605411357,-0.9595380605411357,-0.9595380605411357,False,-0.005533516474034862,0.0001953125,False
trial,385,385,385,943.6172630806736,943.6172630806736,943.6172630806736,943.6172630806736,3836,1918,0,0,3836,1918,1480696,740348,959000.0,959000.0,500.0,False,True,3836,1918,0,0,3836,1918,9.765625e-05,100.32872498750963,0.358915649661496,0.358915649661496,0.358915649661496,False,-0.0032297755667534084,9.765625e-05,True
trial,386,386,385,943.6233374555111,943.6233374555111,943.6172630806736,943.6172630806736,3836,1918,0,0,3836,1918,1484532,742266,959000.0,959000.0,500.0,False,True,3836,1918,0,0,3836,1918,0.0001953125,103.23896734161684,-1.3278357388141384,-1.3278357388141384,-1.3278357388141384,False,-0.004574643278451239,0.0001953125,False
trial,387,387,387,943.6168446049921,943.6168446049921,943.6168446049921,943.6168446049921,3836,1918,0,0,3836,1918,1488368,744184,959000.0,959000.0,500.0,False,True,3836,1918,0,0,3836,1918,9.765625e-05,103.23896734161684,0.1588654640206773,0.1588654640206773,0.1588654640206773,False,-0.002634151381352863,9.765625e-05,True
trial,388,388,387,943.6226217260689,943.6226217260689,943.6168446049921,943.6168446049921,3836,1918,0,0,3836,1918,1492204,746102,959000.0,959000.0,500.0,False,True,3836,1918,0,0,3836,1918,0.0001953125,103.43494646294923,-1.1743026002477541,-1.1743026002477541,-1.1743026002477541,False,-0.0049196187384501835,0.0001953125,False
trial,389,389,389,943.616027328144,943.616027328144,943.616027328144,943.616027328144,3836,1918,0,0,3836,1918,1496040,748020,959000.0,959000.0,500.0,False,True,3836,1918,0,0,3836,1918,9.765625e-05,103.43494646294923,0.2817593760997318,0.2817593760997318,0.2817593760997318,False,-0.0029006198815375323,9.765625e-05,True
trial,390,390,389,943.6228292264666,943.6228292264666,943.616027328144,943.616027328144,3836,1918,0,0,3836,1918,1499876,749938,959000.0,959000.0,500.0,False,True,3836,1918,0,0,3836,1918,0.0001953125,105.10076522520194,-1.7092764012575998,-1.7092764012575998,-1.7092764012575998,False,-0.003979402229840584,0.0001953125,False
trial,391,391,391,943.6159030316087,943.6159030316087,943.6159030316087,943.6159030316087,3836,1918,0,0,3836,1918,1503712,751856,959000.0,959000.0,500.0,False,True,3836,1918,0,0,3836,1918,9.765625e-05,105.10076522520194,0.05364191888254808,0.05364191888254808,0.05364191888254808,False,-0.002317153038292488,9.765625e-05,True
trial,392,392,391,943.622309522579,943.622309522579,943.6159030316087,943.6159030316087,3836,1918,0,0,3836,1918,1507548,753774,959000.0,959000.0,500.0,False,True,3836,1918,0,0,3836,1918,0.0001953125,101.43083016743712,-1.4819435092775952,-1.4819435092775952,-1.4819435092775952,False,-0.004323033185966531,0.0001953125,False
trial,393,393,393,943.61538521741,943.61538521741,943.61538521741,943.61538521741,3836,1918,0,0,3836,1918,1511384,755692,959000.0,959000.0,500.0,False,True,3836,1918,0,0,3836,1918,9.765625e-05,101.43083016743712,0.20017429096740513,0.20017429096740513,0.20017429096740513,False,-0.0025868166995830074,9.765625e-05,True
trial,394,394,393,943.6227499088029,943.6227499088029,943.61538521741,943.61538521741,3836,1918,0,0,3836,1918,1515220,757610,959000.0,959000.0,500.0,False,True,3836,1918,0,0,3836,1918,0.0001953125,105.60295283615476,-2.1561169277248826,-2.1561169277248826,-2.1561169277248826,False,-0.0034157198518419683,0.0001953125,False
trial,395,395,393,943.615589883436,943.615589883436,943.61538521741,943.61538521741,3836,1918,0,0,3836,1918,1519056,759528,959000.0,959000.0,500.0,False,True,3836,1918,0,0,3836,1918,9.765625e-05,105.60295283615476,-0.10347862249620525,-0.10347862249620525,-0.10347862249620525,False,-0.001977858044900581,9.765625e-05,False
trial,396,396,396,943.6147992727758,943.6147992727758,943.6147992727758,943.6147992727758,3836,1918,0,0,3836,1918,1522892,761446,959000.0,959000.0,500.0,False,True,3836,1918,0,0,3836,1918,4.8828125e-05,105.60295283615476,0.4910712631974957,0.4910712631974957,0.4910712631974957,False,-0.00119319674776355,4.8828125e-05,True
trial,397,397,396,943.6161856541157,943.6161856541157,943.6147992727758,943.6147992727758,3836,1918,0,0,3836,1918,1526728,763364,959000.0,959000.0,500.0,False,True,3836,1918,0,0,3836,1918,9.765625e-05,28.557751553164774,-2.3298680058022603,-2.3298680058022603,-2.3298680058022603,False,-0.0005950471599446047,9.765625e-05,False
trial,398,398,396,943.6150626882375,943.6150626882375,943.6147992727758,943.6147992727758,3836,1918,0,0,3836,1918,1530564,765282,959000.0,959000.0,500.0,False,True,3836,1918,0,0,3836,1918,4.8828125e-05,28.557751553164774,-0.6127561978575072,-0.6127561978575072,-0.6127561978575072,False,-0.0004298862460350374,4.8828125e-05,False
trial,399,399,399,943.6147099490562,943.6147099490562,943.6147099490562,943.6147099490562,3836,1918,0,0,3836,1918,1534400,767200,959000.0,959000.0,500.0,False,True,3836,1918,0,0,3836,1918,2.44140625e-05,28.557751553164774,0.2863789885131698,0.2863789885131698,0.2863789885131698,False,-0.0003119073787461053,2.44140625e-05,True
trial,400,400,399,943.6149401539593,943.6149401539593,943.6147099490562,943.6147099490562,3836,1918,0,0,3836,1918,1538236,769118,959000.0,959000.0,500.0,False,True,3836,1918,0,0,3836,1918,4.8828125e-05,12.221380920336536,-0.5646051628103415,-0.5646051628103415,-0.5646051628103415,False,-0.00040772723715949444,4.8828125e-05,False
trial,401,401,401,943.6146635793913,943.6146635793913,943.6146635793913,943.6146635793913,3836,1918,0,0,3836,1918,1542072,771036,959000.0,959000.0,500.0,False,True,3836,1918,0,0,3836,1918,2.44140625e-05,12.221380920336536,0.19476488895049765,0.19476488895049765,0.19476488895049765,False,-0.00023808020616424865,2.44140625e-05,True
trial,402,402,401,943.6149551722855,943.6149551722855,943.6146635793913,943.6146635793913,3836,1918,0,0,3836,1918,1545908,772954,959000.0,959000.0,500.0,False,True,3836,1918,0,0,3836,1918,4.8828125e-05,10.257629078988884,-1.2490155678238937,-1.2490155678238937,-1.2490155678238937,False,-0.00023345817435106183,4.8828125e-05,False
trial,403,403,401,943.6146887252651,943.6146887252651,943.6146635793913,943.6146635793913,3836,1918,0,0,3836,1918,1549744,774872,959000.0,959000.0,500.0,False,True,3836,1918,0,0,3836,1918,2.44140625e-05,10.257629078988884,-0.16058364086280524,-0.16058364086280524,-0.16058364086280524,False,-0.0001565905073330715,2.44140625e-05,False
trial,404,404,404,943.6146182228999,943.6146182228999,943.6146182228999,943.6146182228999,3836,1918,0,0,3836,1918,1553580,776790,959000.0,959000.0,500.0,False,True,3836,1918,0,0,3836,1918,1.220703125e-05,10.257629078988884,0.4358760298705275,0.4358760298705275,0.4358760298705275,False,-0.00010405823728109362,1.220703125e-05,True
trial,405,405,404,943.6146734395522,943.6146734395522,943.6146182228999,943.6146182228999,3836,1918,0,0,3836,1918,1557416,778708,959000.0,959000.0,500.0,False,True,3836,1918,0,0,3836,1918,2.44140625e-05,4.56172095542012,-0.8565342668518613,-0.8565342668518613,-0.8565342668518613,False,-6.446519939277577e-05,2.44140625e-05,False
trial,406,406,404,943.6146244676003,943.6146244676003,943.6146182228999,943.6146182228999,3836,1918,0,0,3836,1918,1561252,780626,959000.0,959000.0,500.0,False,True,3836,1918,0,0,3836,1918,1.220703125e-05,4.56172095542012,-0.16285922148061882,-0.16285922148061882,-0.16285922148061882,False,-3.834416174532973e-05,1.220703125e-05,False
trial,407,407,407,943.6146090811081,943.6146090811081,943.6146090811081,943.6146090811081,3836,1918,0,0,3836,1918,1565088,782544,959000.0,959000.0,500.0,False,True,3836,1918,0,0,3836,1918,6.103515625e-06,4.56172095542012,0.38879264981151185,0.38879264981151185,0.38879264981151185,False,-2.3513283487564098e-05,6.103515625e-06,True
trial,408,408,407,943.6146249236251,943.6146249236251,943.6146090811081,943.6146090811081,3836,1918,0,0,3836,1918,1568924,784462,959000.0,959000.0,500.0,False,True,3836,1918,0,0,3836,1918,1.220703125e-05,2.4829381834979714,-0.9907872394362863,-0.9907872394362863,-0.9907872394362863,False,-1.598982742446932e-05,1.220703125e-05,False
trial,409,409,407,943.6146105757159,943.6146105757159,943.6146090811081,943.6146090811081,3836,1918,0,0,3836,1918,1572760,786380,959000.0,959000.0,500.0,False,True,3836,1918,0,0,3836,1918,6.103515625e-06,2.4829381834979714,-0.14217534720024283,-0.14217534720024283,-0.14217534720024283,False,-1.0512425691855501e-05,6.103515625e-06,False
trial,410,410,410,943.6146059152502,943.6146059152502,943.6146059152502,943.6146059152502,3836,1918,0,0,3836,1918,1576596,788298,959000.0,959000.0,500.0,False,True,3836,1918,0,0,3836,1918,3.0517578125e-06,2.4829381834979714,0.44649060172593497,0.44649060172593497,0.44649060172593497,False,-7.090536587139045e-06,3.0517578125e-06,True
trial,411,411,410,943.6146065797067,943.6146065797067,943.6146059152502,943.6146059152502,3836,1918,0,0,3836,1918,1580432,790216,959000.0,959000.0,500.0,False,True,3836,1918,0,0,3836,1918,6.103515625e-06,0.9916804353104218,-0.09244495702338458,-0.09244495702338458,-0.09244495702338458,False,-7.18759033013851e-06,6.103515625e-06,False
trial,412,412,412,943.6146046470167,943.6146046470167,943.6146046470167,943.6146046470167,3836,1918,0,0,3836,1918,1584268,792134,959000.0,959000.0,500.0,False,True,3836,1918,0,0,3836,1918,3.0517578125e-06,0.9916804353104218,0.31362278255260634,0.31362278255260634,0.31362278255260634,False,-4.043818206959366e-06,3.0517578125e-06,True
trial,413,413,412,943.614607681171,943.614607681171,943.6146046470167,943.6146046470167,3836,1918,0,0,3836,1918,1588104,794052,959000.0,959000.0,500.0,False,True,3836,1918,0,0,3836,1918,6.103515625e-06,1.1011607325185173,-0.4980599312594282,-0.4980599312594282,-0.4980599312594282,False,-6.09194631050901e-06,6.103515625e-06,False
trial,414,414,414,943.6146039295265,943.6146039295265,943.6146039295265,943.6146039295265,3836,1918,0,0,3836,1918,1591940,795970,959000.0,959000.0,500.0,False,True,3836,1918,0,0,3836,1918,3.0517578125e-06,1.1011607325185173,0.19460988361686415,0.19460988361686415,0.19460988361686415,False,-3.6868124325371783e-06,3.0517578125e-06,True
trial,415,415,414,943.6146053192432,943.6146053192432,943.6146039295265,943.6146039295265,3836,1918,0,0,3836,1918,1595776,797888,959000.0,959000.0,500.0,False,True,3836,1918,0,0,3836,1918,6.103515625e-06,1.1266883108606098,-0.18013800685931625,-0.18013800685931625,-0.18013800685931625,False,-7.714733178328528e-06,6.103515625e-06,False
trial,416,416,416,943.6146024251366,943.6146024251366,943.6146024251366,943.6146024251366,3836,1918,0,0,3836,1918,1599612,799806,959000.0,959000.0,500.0,False,True,3836,1918,0,0,3836,1918,3.0517578125e-06,1.1266883108606098,0.34182377162149674,0.34182377162149674,0.34182377162149674,False,-4.4010688591719256e-06,3.0517578125e-06,True
trial,417,417,416,943.614604644222,943.614604644222,943.6146024251366,943.6146024251366,3836,1918,0,0,3836,1918,1603448,801724,959000.0,959000.0,500.0,False,True,3836,1918,0,0,3836,1918,6.103515625e-06,1.066286249955687,-0.38353746255198884,-0.38353746255198884,-0.38353746255198884,False,-5.7858375304750365e-06,6.103515625e-06,False
trial,418,418,418,943.6146019275753,943.6146019275753,943.6146019275753,943.6146019275753,3836,1918,0,0,3836,1918,1607284,803642,959000.0,959000.0,500.0,False,True,3836,1918,0,0,3836,1918,3.0517578125e-06,1.066286249955687,0.14424197288213575,0.14424197288213575,0.14424197288213575,False,-3.4494900173391806e-06,3.0517578125e-06,True
trial,419,419,418,943.6146033073833,943.6146033073833,943.6146019275753,943.6146019275753,3836,1918,0,0,3836,1918,1611120,805560,959000.0,959000.0,500.0,False,True,3836,1918,0,0,3836,1918,6.103515625e-06,1.1191828208034094,-0.17979064209808387,-0.17979064209808387,-0.17979064209808387,False,-7.674525907976073e-06,6.103515625e-06,False
trial,420,420,420,943.6146004174196,943.6146004174196,943.6146004174196,943.6146004174196,3836,1918,0,0,3836,1918,1614956,807478,959000.0,959000.0,500.0,False,True,3836,1918,0,0,3836,1918,3.0517578125e-06,1.1191828208034094,0.34404792564271974,0.34404792564271974,0.34404792564271974,False,-4.3893759726898985e-06,3.0517578125e-06,True
trial,421,421,420,943.6146026220893,943.6146026220893,943.6146004174196,943.6146004174196,3836,1918,0,0,3836,1918,1618792,809396,959000.0,959000.0,500.0,False,True,3836,1918,0,0,3836,1918,6.103515625e-06,1.0548630040511116,-0.38619911665478723,-0.38619911665478723,-0.38619911665478723,False,-5.708634530781541e-06,6.103515625e-06,False
trial,422,422,422,943.6145999437528,943.6145999437528,943.6145999437528,943.6145999437528,3836,1918,0,0,3836,1918,1622628,811314,959000.0,959000.0,500.0,False,True,3836,1918,0,0,3836,1918,3.0517578125e-06,1.0548630040511116,0.13818941965097697,0.13818941965097697,0.13818941965097697,False,-3.4276639140880224e-06,3.0517578125e-06,True
trial,423,423,422,943.6146013544616,943.6146013544616,943.6145999437528,943.6145999437528,3836,1918,0,0,3836,1918,1626464,813232,959000.0,959000.0,500.0,False,True,3836,1918,0,0,3836,1918,6.103515625e-06,1.124083453801326,-0.183460223440069,-0.183460223440069,-0.183460223440069,False,-7.689453292063794e-06,6.103515625e-06,False
trial,424,424,424,943.6145984201723,943.6145984201723,943.6145984201723,943.6145984201723,3836,1918,0,0,3836,1918,1630300,815150,959000.0,959000.0,500.0,False,True,3836,1918,0,0,3836,1918,3.0517578125e-06,1.124083453801326,0.34539222259949215,0.34539222259949215,0.34539222259949215,False,-4.411160150149114e-06,3.0517578125e-06,True
trial,425,425,424,943.614600634947,943.614600634947,943.6145984201723,943.6145984201723,3836,1918,0,0,3836,1918,1634136,817068,959000.0,959000.0,500.0,False,True,3836,1918,0,0,3836,1918,6.103515625e-06,1.0707204201921128,-0.38745792361362313,-0.38745792361362313,-0.38745792361362313,False,-5.716168215138446e-06,6.103515625e-06,False
trial,426,426,426,943.6145979638213,943.6145979638213,943.6145979638213,943.6145979638213,3836,1918,0,0,3836,1918,1637972,818986,959000.0,959000.0,500.0,False,True,3836,1918,0,0,3836,1918,3.0517578125e-06,1.0707204201921128,0.13386700390945813,0.13386700390945813,0.13386700390945813,False,-3.408988055996393e-06,3.0517578125e-06,True
trial,427,427,426,943.614599384908,943.614599384908,943.6145979638213,943.6145979638213,3836,1918,0,0,3836,1918,1641808,820904,959000.0,959000.0,500.0,False,True,3836,1918,0,0,3836,1918,6.103515625e-06,1.1281563980696714,-0.1841036817688907,-0.1841036817688907,-0.1841036817688907,False,-7.718947869056394e-06,6.103515625e-06,False
trial,428,428,428,943.6145964349814,943.6145964349814,943.6145964349814,943.6145964349814,3836,1918,0,0,3836,1918,1645644,822822,959000.0,959000.0,500.0,False,True,3836,1918,0,0,3836,1918,3.0517578125e-06,1.1281563980696714,0.34610277233624825,0.34610277233624825,0.34610277233624825,False,-4.417300365310329e-06,3.0517578125e-06,True
trial,429,429,428,943.6145986216206,943.6145986216206,943.6145964349814,943.6145964349814,3836,1918,0,0,3836,1918,1649480,824740,959000.0,959000.0,500.0,False,True,3836,1918,0,0,3836,1918,6.103515625e-06,1.056481468784069,-0.38246002217294983,-0.38246002217294983,-0.38246002217294983,False,-5.7173014038625595e-06,6.103515625e-06,False
trial,430,430,430,943.6145960017212,943.6145960017212,943.6145960017212,943.6145960017212,3836,1918,0,0,3836,1918,1653316,826658,959000.0,959000.0,500.0,False,True,3836,1918,0,0,3836,1918,3.0517578125e-06,1.056481468784069,0.12814022700134575,0.12814022700134575,0.12814022700134575,False,-3.3811411735052982e-06,3.0517578125e-06,True
trial,431,431,430,943.6145974217698,943.6145974217698,943.6145960017212,943.6145960017212,3836,1918,0,0,3836,1918,1657152,828576,959000.0,959000.0,500.0,False,True,3836,1918,0,0,3836,1918,6.103515625e-06,1.1259882027167363,-0.1844609607077976,-0.1844609607077976,-0.1844609607077976,False,-7.698368957986852e-06,6.103515625e-06,False
trial,432,432,432,943.6145944685043,943.6145944685043,943.6145944685043,943.6145944685043,3836,1918,0,0,3836,1918,1660988,830494,959000.0,959000.0,500.0,False,True,3836,1918,0,0,3836,1918,3.0517578125e-06,1.1259882027167363,0.347698696393068,0.347698696393068,0.347698696393068,False,-4.409613770543646e-06,3.0517578125e-06,True
trial,433,433,432,943.6145966886402,943.6145966886402,943.6145944685043,943.6145944685043,3836,1918,0,0,3836,1918,1664824,832412,959000.0,959000.0,500.0,False,True,3836,1918,0,0,3836,1918,6.103515625e-06,1.0520134278573836,-0.3910269698318932,-0.3910269698318932,-0.3910269698318932,False,-5.677705331965898e-06,6.103515625e-06,False
trial,434,434,434,943.6145940379834,943.6145940379834,943.6145940379834,943.6145940379834,3836,1918,0,0,3836,1918,1668660,834330,959000.0,959000.0,500.0,False,True,3836,1918,0,0,3836,1918,3.0517578125e-06,1.0520134278573836,0.12727374011423984,0.12727374011423984,0.12727374011423984,False,-3.3826373983763756e-06,3.0517578125e-06,True
trial,435,435,434,943.6145955122117,943.6145955122117,943.6145940379834,943.6145940379834,3836,1918,0,0,3836,1918,1672496,836248,959000.0,959000.0,500.0,False,True,3836,1918,0,0,3836,1918,6.103515625e-06,1.127467695254925,-0.1916415087218844,-0.1916415087218844,-0.1916415087218844,False,-7.692636076835587e-06,6.103515625e-06,False
trial,436,436,436,943.6145925051944,943.6145925051944,943.6145925051944,943.6145925051944,3836,1918,0,0,3836,1918,1676332,838166,959000.0,959000.0,500.0,False,True,3836,1918,0,0,3836,1918,3.0517578125e-06,1.127467695254925,0.34695100686530744,0.34695100686530744,0.34695100686530744,False,-4.417882923931046e-06,3.0517578125e-06,True
trial,437,437,436,943.614594731062,943.614594731062,943.6145925051944,943.6145925051944,3836,1918,0,0,3836,1918,1680168,840084,959000.0,959000.0,500.0,False,True,3836,1918,0,0,3836,1918,6.103515625e-06,1.0501645468823053,-0.39170308879758226,-0.39170308879758226,-0.39170308879758226,False,-5.682537643500248e-06,6.103515625e-06,False
trial,438,438,438,943.6145920728435,943.6145920728435,943.6145920728435,943.6145920728435,3836,1918,0,0,3836,1918,1684004,842002,959000.0,959000.0,500.0,False,True,3836,1918,0,0,3836,1918,3.0517578125e-06,1.0501645468823053,0.12800689815310115,0.12800689815310115,0.12800689815310115,False,-3.3775596191024e-06,3.0517578125e-06,True
trial,439,439,438,943.6145935795075,943.6145935795075,943.6145920728435,943.6145920728435,3836,1918,0,0,3836,1918,1687840,843920,959000.0,959000.0,500.0,False,True,3836,1918,0,0,3836,1918,6.103515625e-06,1.1535548500116863,-0.19585244335444982,-0.19585244335444982,-0.19585244335444982,False,-7.692852887703222e-06,6.103515625e-06,False
trial,440,440,440,943.6145905438623,943.6145905438623,943.6145905438623,943.6145905438623,3836,1918,0,0,3836,1918,1691676,845838,959000.0,959000.0,500.0,False,True,3836,1918,0,0,3836,1918,3.0517578125e-06,1.1535548500116863,0.3469646014737493,0.3469646014737493,0.3469646014737493,False,-4.406735467885461e-06,3.0517578125e-06,True
trial,441,441,440,943.6145928322433,943.6145928322433,943.6145905438623,943.6145905438623,3836,1918,0,0,3836,1918,1695512,847756,959000.0,959000.0,500.0,False,True,3836,1918,0,0,3836,1918,6.103515625e-06,1.0523964724437642,-0.40400733948203743,-0.40400733948203743,-0.40400733948203743,False,-5.6642064629488275e-06,6.103515625e-06,False
trial,442,442,442,943.6145901222312,943.6145901222312,943.6145901222312,943.6145901222312,3836,1918,0,0,3836,1918,1699348,849674,959000.0,959000.0,500.0,False,True,3836,1918,0,0,3836,1918,3.0517578125e-06,1.0523964724437642,0.12495403963569324,0.12495403963569324,0.12495403963569324,False,-3.3742891258934888e-06,3.0517578125e-06,True
trial,443,443,442,943.6145916157848,943.6145916157848,943.6145901222312,943.6145901222312,3836,1918,0,0,3836,1918,1703184,851592,959000.0,959000.0,500.0,False,True,3836,1918,0,0,3836,1918,6.103515625e-06,1.1567061973384902,-0.19357245308775006,-0.19357245308775006,-0.19357245308775006,False,-7.715733983766069e-06,6.103515625e-06,False
trial,444,444,444,943.614588588375,943.614588588375,943.614588588375,943.614588588375,3836,1918,0,0,3836,1918,1707020,853510,959000.0,959000.0,500.0,False,True,3836,1918,0,0,3836,1918,3.0517578125e-06,1.1567061973384902,0.34747379465151623,0.34747379465151623,0.34747379465151623,False,-4.414307623519553e-06,3.0517578125e-06,True
trial,445,445,444,943.6145908374199,943.6145908374199,943.614588588375,943.614588588375,3836,1918,0,0,3836,1918,1710856,855428,959000.0,959000.0,500.0,False,True,3836,1918,0,0,3836,1918,6.103515625e-06,1.053836245297486,-0.39624600590723325,-0.39624600590723325,-0.39624600590723325,False,-5.675880259346817e-06,6.103515625e-06,False
trial,446,446,446,943.6145881777579,943.6145881777579,943.6145881777579,943.6145881777579,3836,1918,0,0,3836,1918,1714692,857346,959000.0,959000.0,500.0,False,True,3836,1918,0,0,3836,1918,3.0517578125e-06,1.053836245297486,0.12206871657889873,0.12206871657889873,0.12206871657889873,False,-3.363819067232615e-06,3.0517578125e-06,True
trial,447,447,446,943.6145896321476,943.6145896321476,943.6145881777579,943.6145881777579,3836,1918,0,0,3836,1918,1718528,859264,959000.0,959000.0,500.0,False,True,3836,1918,0,0,3836,1918,6.103515625e-06,1.1283301026260348,-0.1894678488088669,-0.1894678488088669,-0.1894678488088669,False,-7.676181994536746e-06,6.103515625e-06,False
trial,448,448,448,943.6145866291836,943.6145866291836,943.6145866291836,943.6145866291836,3836,1918,0,0,3836,1918,1722364,861182,959000.0,959000.0,500.0,False,True,3836,1918,0,0,3836,1918,3.0517578125e-06,1.1283301026260348,0.349110582031286,0.349110582031286,0.349110582031286,False,-4.435770285387093e-06,3.0517578125e-06,True
trial,449,449,448,943.6145889025368,943.6145889025368,943.6145866291836,943.6145866291836,3836,1918,0,0,3836,1918,1726200,863100,959000.0,959000.0,500.0,False,True,3836,1918,0,0,3836,1918,6.103515625e-06,1.0566073923449797,-0.4031135682064414,-0.4031135682064414,-0.4031135682064414,False,-5.639485629711239e-06,6.103515625e-06,False
trial,450,450,450,943.6145862211617,943.6145862211617,943.6145862211617,943.6145862211617,3836,1918,0,0,3836,1918,1730036,865018,959000.0,959000.0,500.0,False,True,3836,1918,0,0,3836,1918,3.0517578125e-06,1.0566073923449797,0.1213579335821885,0.1213579335821885,0.1213579335821885,False,-3.362135636009949e-06,3.0517578125e-06,True
trial,451,451,450,943.6145874690926,943.6145874690926,943.6145862211617,943.6145862211617,3836,1918,0,0,3836,1918,1733872,866936,959000.0,959000.0,500.0,False,True,3836,1918,0,0,3836,1918,6.103515625e-06,1.1285564547148488,-0.16248069512277866,-0.16248069512277866,-0.16248069512277866,False,-7.680487008212333e-06,6.103515625e-06,False
trial,452,452,452,943.6145846713755,943.6145846713755,943.6145846713755,943.6145846713755,3836,1918,0,0,3836,1918,1737708,868854,959000.0,959000.0,500.0,False,True,3836,1918,0,0,3836,1918,3.0517578125e-06,1.1285564547148488,0.3492876197502013,0.3492876197502013,0.3492876197502013,False,-4.436991637112815e-06,3.0517578125e-06,True
trial,453,453,452,943.6145869735718,943.6145869735718,943.6145846713755,943.6145846713755,3836,1918,0,0,3836,1918,1741544,870772,959000.0,959000.0,500.0,False,True,3836,1918,0,0,3836,1918,6.103515625e-06,1.057750028721067,-0.41231354987740343,-0.41231354987740343,-0.41231354987740343,False,-5.583605783181797e-06,6.103515625e-06,False
trial,454,454,454,943.6145842726594,943.6145842726594,943.6145842726594,943.6145842726594,3836,1918,0,0,3836,1918,1745380,872690,959000.0,959000.0,500.0,False,True,3836,1918,0,0,3836,1918,3.0517578125e-06,1.057750028721067,0.11886051318364504,0.11886051318364504,0.11886051318364504,False,-3.354487542707344e-06,3.0517578125e-06,True
trial,455,455,454,943.6145857055415,943.6145857055415,943.6145842726594,943.6145842726594,3836,1918,0,0,3836,1918,1749216,874608,959000.0,959000.0,500.0,False,True,3836,1918,0,0,3836,1918,6.103515625e-06,1.1383260211162312,-0.18500139490170267,-0.18500139490170267,-0.18500139490170267,False,-7.745250101010771e-06,6.103515625e-06,False
trial,456,456,456,943.6145827238533,943.6145827238533,943.6145827238533,943.6145827238533,3836,1918,0,0,3836,1918,1753052,876526,959000.0,959000.0,500.0,False,True,3836,1918,0,0,3836,1918,3.0517578125e-06,1.1383260211162312,0.3493643762321479,0.3493643762321479,0.3493643762321479,False,-4.433211126353328e-06,3.0517578125e-06,True
trial,457,457,456,943.6145850312336,943.6145850312336,943.6145827238533,943.6145827238533,3836,1918,0,0,3836,1918,1756888,878444,959000.0,959000.0,500.0,False,True,3836,1918,0,0,3836,1918,6.103515625e-06,1.1088228354906025,-0.41000101990572957,-0.41000101990572957,-0.41000101990572957,False,-5.627742620095545e-06,6.103515625e-06,False
trial,458,458,458,943.6145823396946,943.6145823396946,943.6145823396946,943.6145823396946,3836,1918,0,0,3836,1918,1760724,880362,959000.0,959000.0,500.0,False,True,3836,1918,0,0,3836,1918,3.0517578125e-06,1.1088228354906025,0.1152289971783128,0.1152289971783128,0.1152289971783128,False,-3.3338720982123086e-06,3.0517578125e-06,True
trial,459,459,458,943.6145837488502,943.6145837488502,943.6145823396946,943.6145823396946,3836,1918,0,0,3836,1918,1764560,882280,959000.0,959000.0,500.0,False,True,3836,1918,0,0,3836,1918,6.103515625e-06,1.128539809814244,-0.1816270279946792,-0.1816270279946792,-0.1816270279946792,False,-7.758512844015299e-06,6.103515625e-06,False
trial,460,460,460,943.6145807811779,943.6145807811779,943.6145807811779,943.6145807811779,3836,1918,0,0,3836,1918,1768396,884198,959000.0,959000.0,500.0,False,True,3836,1918,0,0,3836,1918,3.0517578125e-06,1.128539809814244,0.3508181056042261,0.3508181056042261,0.3508181056042261,False,-4.442520753341367e-06,3.0517578125e-06,True
trial,461,461,460,943.6145831221132,943.6145831221132,943.6145807811779,943.6145807811779,3836,1918,0,0,3836,1918,1772232,886116,959000.0,959000.0,500.0,False,True,3836,1918,0,0,3836,1918,6.103515625e-06,1.0515022067714352,-0.4166839905320074,-0.4166839905320074,-0.4166839905320074,False,-5.618011231768656e-06,6.103515625e-06,False
trial,462,462,462,943.6145803807742,943.6145803807742,943.6145803807742,943.6145803807742,3836,1918,0,0,3836,1918,1776068,888034,959000.0,959000.0,500.0,False,True,3836,1918,0,0,3836,1918,3.0517578125e-06,1.0515022067714352,0.11952094558921943,0.11952094558921943,0.11952094558921943,False,-3.3500712050055493e-06,3.0517578125e-06,True
trial,463,463,462,943.6145818299002,943.6145818299002,943.6145803807742,943.6145803807742,3836,1918,0,0,3836,1918,1779904,889952,959000.0,959000.0,500.0,False,True,3836,1918,0,0,3836,1918,6.103515625e-06,1.1290943156950148,-0.18732482574404516,-0.18732482574404516,-0.18732482574404516,False,-7.735899303404476e-06,6.103515625e-06,False
trial,464,464,464,943.6145788214703,943.6145788214703,943.6145788214703,943.6145788214703,3836,1918,0,0,3836,1918,1783740,891870,959000.0,959000.0,500.0,False,True,3836,1918,0,0,3836,1918,3.0517578125e-06,1.1290943156950148,0.35126539252938926,0.35126539252938926,0.35126539252938926,False,-4.439104778386616e-06,3.0517578125e-06,True
trial,465,465,464,943.6145812479974,943.6145812479974,943.6145788214703,943.6145788214703,3836,1918,0,0,3836,1918,1787576,893788,959000.0,959000.0,500.0,False,True,3836,1918,0,0,3836,1918,6.103515625e-06,1.0509692006005444,-0.4349298372768665,-0.4349298372768665,-0.4349298372768665,False,-5.579123071150246e-06,6.103515625e-06,False
trial,466,466,466,943.6145784328087,943.6145784328087,943.6145784328087,943.6145784328087,3836,1918,0,0,3836,1918,1791412,895706,959000.0,959000.0,500.0,False,True,3836,1918,0,0,3836,1918,3.0517578125e-06,1.0509692006005444,0.11633672430836418,0.11633672430836418,0.11633672430836418,False,-3.34083368065312e-06,3.0517578125e-06,True
trial,467,467,466,943.6145798044636,943.6145798044636,943.6145784328087,943.6145784328087,3836,1918,0,0,3836,1918,1795248,897624,959000.0,959000.0,500.0,False,True,3836,1918,0,0,3836,1918,6.103515625e-06,1.1325173132057527,-0.17657318023705246,-0.17657318023705246,-0.17657318023705246,False,-7.76819496247801e-06,6.103515625e-06,False
trial,468,468,468,943.6145768629276,943.6145768629276,943.6145768629276,943.6145768629276,3836,1918,0,0,3836,1918,1799084,899542,959000.0,959000.0,500.0,False,True,3836,1918,0,0,3836,1918,3.0517578125e-06,1.1325173132057527,0.35212091238211124,0.35212091238211124,0.35212091238211124,False,-4.458357976658362e-06,3.0517578125e-06,True
trial,469,469,468,943.6145793469564,943.6145793469564,943.6145768629276,943.6145768629276,3836,1918,0,0,3836,1918,1802920,901460,959000.0,959000.0,500.0,False,True,3836,1918,0,0,3836,1918,6.103515625e-06,1.050966508667806,-0.44611630432855226,-0.44611630432855226,-0.44611630432855226,False,-5.568119190068396e-06,6.103515625e-06,False
trial,470,470,470,943.6145764769085,943.6145764769085,943.6145764769085,943.6145764769085,3836,1918,0,0,3836,1918,1806756,903378,959000.0,959000.0,500.0,False,True,3836,1918,0,0,3836,1918,3.0517578125e-06,1.050966508667806,0.11556083697307261,0.11556083697307261,0.11556083697307261,False,-3.340397319034532e-06,3.0517578125e-06,True
trial,471,471,470,943.61457792083,943.61457792083,943.6145764769085,943.6145764769085,3836,1918,0,0,3836,1918,1810592,905296,959000.0,959000.0,500.0,False,True,3836,1918,0,0,3836,1918,6.103515625e-06,1.1391440112748539,-0.1850889809520769,-0.1850889809520769,-0.1850889809520769,False,-7.801228964643363e-06,6.103515625e-06,False
trial,472,472,472,943.6145749006328,943.6145749006328,943.6145749006328,943.6145749006328,3836,1918,0,0,3836,1918,1814428,907214,959000.0,959000.0,500.0,False,True,3836,1918,0,0,3836,1918,3.0517578125e-06,1.1391440112748539,0.3537443114866744,0.3537443114866744,0.3537443114866744,False,-4.455974794592704e-06,3.0517578125e-06,True
trial,473,473,472,943.6145773459651,943.6145773459651,943.6145749006328,943.6145749006328,3836,1918,0,0,3836,1918,1818264,909132,959000.0,959000.0,500.0,False,True,3836,1918,0,0,3836,1918,6.103515625e-06,1.052333624833417,-0.43871154709313215,-0.43871154709313215,-0.43871154709313215,False,-5.573895619054506e-06,6.103515625e-06,False
trial,474,474,474,943.6145745205547,943.6145745205547,943.6145745205547,943.6145745205547,3836,1918,0,0,3836,1918,1822100,911050,959000.0,959000.0,500.0,False,True,3836,1918,0,0,3836,1918,3.0517578125e-06,1.052333624833417,0.11431313942566192,0.11431313942566192,0.11431313942566192,False,-3.3248851807779084e-06,3.0517578125e-06,True
trial,475,475,474,943.614575947089,943.614575947089,943.6145745205547,943.6145745205547,3836,1918,0,0,3836,1918,1825936,912968,959000.0,959000.0,500.0,False,True,3836,1918,0,0,3836,1918,6.103515625e-06,1.1281939976382793,-0.18314539818341344,-0.18314539818341344,-0.18314539818341344,False,-7.78908052524421e-06,6.103515625e-06,False
trial,476,476,476,943.6145729404635,943.6145729404635,943.6145729404635,943.6145729404635,3836,1918,0,0,3836,1918,1829772,914886,959000.0,959000.0,500.0,False,True,3836,1918,0,0,3836,1918,3.0517578125e-06,1.1281939976382793,0.35462135726543526,0.35462135726543526,0.35462135726543526,False,-4.455713530229492e-06,3.0517578125e-06,True
trial,477,477,476,943.6145754133231,943.6145754133231,943.6145729404635,943.6145729404635,3836,1918,0,0,3836,1918,1833608,916804,959000.0,959000.0,500.0,False,True,3836,1918,0,0,3836,1918,6.103515625e-06,1.0502642492347154,-0.44289451926621426,-0.44289451926621426,-0.44289451926621426,False,-5.5834052673744245e-06,6.103515625e-06,False
trial,478,478,478,943.6145725635597,943.6145725635597,943.6145725635597,943.6145725635597,3836,1918,0,0,3836,1918,1837444,918722,959000.0,959000.0,500.0,False,True,3836,1918,0,0,3836,1918,3.0517578125e-06,1.0502642492347154,0.11326323467115246,0.11326323467115246,0.11326323467115246,False,-3.32768010857942e-06,3.0517578125e-06,True
trial,479,479,478,943.6145740169242,943.6145740169242,943.6145725635597,943.6145725635597,3836,1918,0,0,3836,1918,1841280,920640,959000.0,959000.0,500.0,False,True,3836,1918,0,0,3836,1918,6.103515625e-06,1.131601398636759,-0.18642846559149104,-0.18642846559149104,-0.18642846559149104,False,-7.795829124358762e-06,6.103515625e-06,False
trial,480,480,480,943.6145709828222,943.6145709828222,943.6145709828222,943.6145709828222,3836,1918,0,0,3836,1918,1845116,922558,959000.0,959000.0,500.0,False,True,3836,1918,0,0,3836,1918,3.0517578125e-06,1.131601398636759,0.3539555693741062,0.3539555693741062,0.3539555693741062,False,-4.465920658187653e-06,3.0517578125e-06,True
trial,481,481,480,943.6145735521816,943.6145735521816,943.6145709828222,943.6145709828222,3836,1918,0,0,3836,1918,1848952,924476,959000.0,959000.0,500.0,False,True,3836,1918,0,0,3836,1918,6.103515625e-06,1.053210971311956,-0.46208347735861105,-0.46208347735861105,-0.46208347735861105,False,-5.560379223535687e-06,6.103515625e-06,False
trial,482,482,482,943.6145706152367,943.6145706152367,943.6145706152367,943.6145706152367,3836,1918,0,0,3836,1918,1852788,926394,959000.0,959000.0,500.0,False,True,3836,1918,0,0,3836,1918,3.0517578125e-06,1.053210971311956,0.11075590232168786,0.11075590232168786,0.11075590232168786,False,-3.318879298432886e-06,3.0517578125e-06,True
trial,483,483,482,943.6145720258241,943.6145720258241,943.6145706152367,943.6145706152367,3836,1918,0,0,3836,1918,1856624,928312,959000.0,959000.0,500.0,False,True,3836,1918,0,0,3836,1918,6.103515625e-06,1.1323027400751138,-0.18059155882491798,-0.18059155882491798,-0.18059155882491798,False,-7.81092655011004e-06,6.103515625e-06,False
trial,484,484,484,943.6145690362014,943.6145690362014,943.6145690362014,943.6145690362014,3836,1918,0,0,3836,1918,1860460,930230,959000.0,959000.0,500.0,False,True,3836,1918,0,0,3836,1918,3.0517578125e-06,1.1323027400751138,0.35397225424872286,0.35397225424872286,0.35397225424872286,False,-4.460901528469793e-06,3.0517578125e-06,True
trial,485,485,484,943.6145716631019,943.6145716631019,943.6145690362014,943.6145690362014,3836,1918,0,0,3836,1918,1864296,932148,959000.0,959000.0,500.0,False,True,3836,1918,0,0,3836,1918,6.103515625e-06,1.0503411884347431,-0.4720484248507833,-0.4720484248507833,-0.4720484248507833,False,-5.564896192288376e-06,6.103515625e-06,False
trial,486,486,486,943.6145686743496,943.6145686743496,943.6145686743496,943.6145686743496,3836,1918,0,0,3836,1918,1868132,934066,959000.0,959000.0,500.0,False,True,3836,1918,0,0,3836,1918,3.0517578125e-06,1.0503411884347431,0.10937250007015059,0.10937250007015059,0.10937250007015059,False,-3.308434836809655e-06,3.0517578125e-06,True
trial,487,487,486,943.6145701145103,943.6145701145103,943.6145686743496,943.6145686743496,3836,1918,0,0,3836,1918,1871968,935984,959000.0,959000.0,500.0,False,True,3836,1918,0,0,3836,1918,6.103515625e-06,1.2043429685538438,-0.18481495930370265,-0.18481495930370265,-0.18481495930370265,False,-7.792446910540656e-06,6.103515625e-06,False
trial,488,488,488,943.6145670891879,943.6145670891879,943.6145670891879,943.6145670891879,3836,1918,0,0,3836,1918,1875804,937902,959000.0,959000.0,500.0,False,True,3836,1918,0,0,3836,1918,3.0517578125e-06,1.2043429685538438,0.3543176764201321,0.3543176764201321,0.3543176764201321,False,-4.473843197271262e-06,3.0517578125e-06,True
trial,489,489,488,943.6145697687466,943.6145697687466,943.6145670891879,943.6145670891879,3836,1918,0,0,3836,1918,1879640,939820,959000.0,959000.0,500.0,False,True,3836,1918,0,0,3836,1918,6.103515625e-06,1.0747313643695733,-0.4794589597912474,-0.4794589597912474,-0.4794589597912474,False,-5.5887134709053515e-06,6.103515625e-06,False
trial,490,490,490,943.6145667217208,943.6145667217208,943.6145667217208,943.6145667217208,3836,1918,0,0,3836,1918,1883476,941738,959000.0,959000.0,500.0,False,True,3836,1918,0,0,3836,1918,3.0517578125e-06,1.0747313643695733,0.11088598027456865,0.11088598027456865,0.11088598027456865,False,-3.313917672909603e-06,3.0517578125e-06,True
trial,491,491,490,943.6145681527007,943.6145681527007,943.6145667217208,943.6145667217208,3836,1918,0,0,3836,1918,1887312,943656,959000.0,959000.0,500.0,False,True,3836,1918,0,0,3836,1918,6.103515625e-06,1.1310378040295055,-0.18290243952036314,-0.18290243952036314,-0.18290243952036314,False,-7.82373306847814e-06,6.103515625e-06,False
trial,492,492,492,943.6145651305819,943.6145651305819,943.6145651305819,943.6145651305819,3836,1918,0,0,3836,1918,1891148,945574,959000.0,959000.0,500.0,False,True,3836,1918,0,0,3836,1918,3.0517578125e-06,1.1310378040295055,0.3554875308937262,0.3554875308937262,0.3554875308937262,False,-4.475934560925273e-06,3.0517578125e-06,True
trial,493,493,492,943.6145677991572,943.6145677991572,943.6145651305819,943.6145651305819,3836,1918,0,0,3836,1918,1894984,947492,959000.0,959000.0,500.0,False,True,3836,1918,0,0,3836,1918,6.103515625e-06,1.0509882389387164,-0.4790085430763728,-0.4790085430763728,-0.4790085430763728,False,-5.571038915980618e-06,6.103515625e-06,False
trial,494,494,494,943.6145647729074,943.6145647729074,943.6145647729074,943.6145647729074,3836,1918,0,0,3836,1918,1898820,949410,959000.0,959000.0,500.0,False,True,3836,1918,0,0,3836,1918,3.0517578125e-06,1.0509882389387164,0.10785996207029667,0.10785996207029667,0.10785996207029667,False,-3.3161005565966985e-06,3.0517578125e-06,True
trial,495,495,494,943.6145662003239,943.6145662003239,943.6145647729074,943.6145647729074,3836,1918,0,0,3836,1918,1902656,951328,959000.0,959000.0,500.0,False,True,3836,1918,0,0,3836,1918,6.103515625e-06,1.13789045894083,-0.18196902473505183,-0.18196902473505183,-0.18196902473505183,False,-7.844282653146985e-06,6.103515625e-06,False
trial,496,496,496,943.6145631730981,943.6145631730981,943.6145631730981,943.6145631730981,3836,1918,0,0,3836,1918,1906492,953246,959000.0,959000.0,500.0,False,True,3836,1918,0,0,3836,1918,3.0517578125e-06,1.13789045894083,0.3565501112607779,0.3565501112607779,0.3565501112607779,False,-4.486913102379623e-06,3.0517578125e-06,True
trial,497,497,496,943.6145659262215,943.6145659262215,943.6145631730981,943.6145631730981,3836,1918,0,0,3836,1918,1910328,955164,959000.0,959000.0,500.0,False,True,3836,1918,0,0,3836,1918,6.103515625e-06,1.054446290946646,-0.495086296152667,-0.495086296152667,-0.495086296152667,False,-5.560896100443114e-06,6.103515625e-06,False
trial,498,498,498,943.6145628157985,943.6145628157985,943.6145628157985,943.6145628157985,3836,1918,0,0,3836,1918,1914164,957082,959000.0,959000.0,500.0,False,True,3836,1918,0,0,3836,1918,3.0517578125e-06,1.054446290946646,0.10790888693925571,0.10790888693925571,0.10790888693925571,False,-3.3111224774854317e-06,3.0517578125e-06,True
trial,499,499,498,943.614563992868,943.614563992868,943.6145628157985,943.6145628157985,3836,1918,0,0,3836,1918,1918000,959000,959000.0,959000.0,500.0,False,True,3836,1918,0,0,3836,1918,6.103515625e-06,1.1363225128470253,-0.15009447890407163,-0.15009447890407163,-0.15009447890407163,False,-7.84219066256063e-06,6.103515625e-06,False
trial,500,500,500,943.6145612012263,943.6145612012263,943.6145612012263,943.6145612012263,3836,1918,0,0,3836,1918,1921836,960918,959000.0,959000.0,500.0,False,True,3836,1918,0,0,3836,1918,3.0517578125e-06,1.1363225128470253,0.35931565823349615,0.35931565823349615,0.35931565823349615,False,-4.493464859861098e-06,3.0517578125e-06,True
trial,501,501,500,943.6145638804132,943.6145638804132,943.6145612012263,943.6145612012263,3836,1918,0,0,3836,1918,1925672,962836,959000.0,959000.0,500.0,False,True,3836,1918,0,0,3836,1918,6.103515625e-06,1.0493246717107512,-0.4838179117031226,-0.4838179117031226,-0.4838179117031226,False,-5.53759364125454e-06,6.103515625e-06,False
trial,502,502,502,943.6145608661391,943.6145608661391,943.6145608661391,943.6145608661391,3836,1918,0,0,3836,1918,1929508,964754,959000.0,959000.0,500.0,False,True,3836,1918,0,0,3836,1918,3.0517578125e-06,1.0493246717107512,0.10218386030805918,0.10218386030805918,0.10218386030805918,False,-3.2792573927729253e-06,3.0517578125e-06,True
trial,503,503,502,943.6145622293166,943.6145622293166,943.6145608661391,943.6145608661391,3836,1918,0,0,3836,1918,1933344,966672,959000.0,959000.0,500.0,False,True,3836,1918,0,0,3836,1918,6.103515625e-06,1.1383249981798238,-0.1738655381342193,-0.1738655381342193,-0.1738655381342193,False,-7.840412215896589e-06,6.103515625e-06,False
trial,504,504,504,943.6145592692619,943.6145592692619,943.6145592692619,943.6145592692619,3836,1918,0,0,3836,1918,1937180,968590,959000.0,959000.0,500.0,False,True,3836,1918,0,0,3836,1918,3.0517578125e-06,1.1383249981798238,0.35659018011697174,0.35659018011697174,0.35659018011697174,False,-4.478186007333571e-06,3.0517578125e-06,True
trial,505,505,504,943.6145619628614,943.6145619628614,943.6145592692619,943.6145592692619,3836,1918,0,0,3836,1918,1941016,970508,959000.0,959000.0,500.0,False,True,3836,1918,0,0,3836,1918,6.103515625e-06,1.0503105144356555,-0.4872810950418574,-0.4872810950418574,-0.4872810950418574,False,-5.527814548820537e-06,6.103515625e-06,False
trial,506,506,506,943.6145589165927,943.6145589165927,943.6145589165927,943.6145589165927,3836,1918,0,0,3836,1918,1944852,972426,959000.0,959000.0,500.0,False,True,3836,1918,0,0,3836,1918,3.0517578125e-06,1.0503105144356555,0.1070233178880789,0.1070233178880789,0.1070233178880789,False,-3.2952556210250246e-06,3.0517578125e-06,True
trial,507,507,506,943.6145603645662,943.6145603645662,943.6145589165927,943.6145589165927,3836,1918,0,0,3836,1918,1948688,974344,959000.0,959000.0,500.0,False,True,3836,1918,0,0,3836,1918,6.103515625e-06,1.151943802697846,-0.18499314250708543,-0.18499314250708543,-0.18499314250708543,False,-7.827173549243552e-06,6.103515625e-06,False
trial,508,508,508,943.6145573186238,943.6145573186238,943.6145573186238,943.6145573186238,3836,1918,0,0,3836,1918,1952524,976262,959000.0,959000.0,500.0,False,True,3836,1918,0,0,3836,1918,3.0517578125e-06,1.151943802697846,0.3567380100874868,0.3567380100874868,0.3567380100874868,False,-4.479390601699925e-06,3.0517578125e-06,True
trial,509,509,508,943.6145600102718,943.6145600102718,943.6145573186238,943.6145573186238,3836,1918,0,0,3836,1918,1956360,978180,959000.0,959000.0,500.0,False,True,3836,1918,0,0,3836,1918,6.103515625e-06,1.05136320139011,-0.48690570639024494,-0.48690570639024494,-0.48690570639024494,False,-5.5280682541928405e-06,6.103515625e-06,False
trial,510,510,510,943.6145569690036,943.6145569690036,943.6145569690036,943.6145569690036,3836,1918,0,0,3836,1918,1960196,980098,959000.0,959000.0,500.0,False,True,3836,1918,0,0,3836,1918,3.0517578125e-06,1.05136320139011,0.1058626912053073,0.1058626912053073,0.1058626912053073,False,-3.302582038770768e-06,3.0517578125e-06,True
trial,511,511,510,943.6145583437908,943.6145583437908,943.6145569690036,943.6145569690036,3836,1918,0,0,3836,1918,1964032,982016,959000.0,959000.0,500.0,False,True,3836,1918,0,0,3836,1918,6.103515625e-06,1.170050378013984,-0.17511177780324266,-0.17511177780324266,-0.17511177780324266,False,-7.850912178641823e-06,6.103515625e-06,False
trial,512,512,512,943.6145553669544,943.6145553669544,943.6145553669544,943.6145553669544,3836,1918,0,0,3836,1918,1967868,983934,959000.0,959000.0,500.0,False,True,3836,1918,0,0,3836,1918,3.0517578125e-06,1.170050378013984,0.35680469423027533,0.35680469423027533,0.35680469423027533,False,-4.489989200965373e-06,3.0517578125e-06,True
trial,513,513,512,943.6145581367668,943.6145581367668,943.6145553669544,943.6145553669544,3836,1918,0,0,3836,1918,1971704,985852,959000.0,959000.0,500.0,False,True,3836,1918,0,0,3836,1918,6.103515625e-06,1.0534934872588377,-0.5018370244377097,-0.5018370244377097,-0.5018370244377097,False,-5.519346559105565e-06,6.103515625e-06,False
trial,514,514,514,943.6145550152204,943.6145550152204,943.6145550152204,943.6145550152204,3836,1918,0,0,3836,1918,1975540,987770,959000.0,959000.0,500.0,False,True,3836,1918,0,0,3836,1918,3.0517578125e-06,1.0534934872588377,0.10663886260513124,0.10663886260513124,0.10663886260513124,False,-3.2983660302788838e-06,3.0517578125e-06,True
trial,515,515,514,943.6145564764502,943.6145564764502,943.6145550152204,943.6145550152204,3836,1918,0,0,3836,1918,1979376,989688,959000.0,959000.0,500.0,False,True,3836,1918,0,0,3836,1918,6.103515625e-06,1.1251416570640114,-0.18736334200151428,-0.18736334200151428,-0.18736334200151428,False,-7.798909627886461e-06,6.103515625e-06,False
trial,516,516,516,943.6145534178632,943.6145534178632,943.6145534178632,943.6145534178632,3836,1918,0,0,3836,1918,1983212,991606,959000.0,959000.0,500.0,False,True,3836,1918,0,0,3836,1918,3.0517578125e-06,1.1251416570640114,0.3567710851754659,0.3567710851754659,0.3567710851754659,False,-4.4772606501887194e-06,3.0517578125e-06,True
trial,517,517,516,943.6145561602794,943.6145561602794,943.6145534178632,943.6145534178632,3836,1918,0,0,3836,1918,1987048,993524,959000.0,959000.0,500.0,False,True,3836,1918,0,0,3836,1918,6.103515625e-06,1.055859064789827,-0.49317482070602414,-0.49317482070602414,-0.49317482070602414,False,-5.560738473999702e-06,6.103515625e-06,False
trial,518,518,518,943.614553006617,943.614553006617,943.614553006617,943.614553006617,3836,1918,0,0,3836,1918,1990884,995442,959000.0,959000.0,500.0,False,True,3836,1918,0,0,3836,1918,3.0517578125e-06,1.055859064789827,0.12459289550618731,0.12459289550618731,0.12459289550618731,False,-3.3007196568462636e-06,3.0517578125e-06,True
trial,519,519,518,943.614554453736,943.614554453736,943.614553006617,943.614553006617,3836,1918,0,0,3836,1918,1994720,997360,959000.0,959000.0,500.0,False,True,3836,1918,0,0,3836,1918,6.103515625e-06,1.1150566736045817,-0.189184889131438,-0.189184889131438,-0.189184889131438,False,-7.649231226629241e-06,6.103515625e-06,False
trial,520,520,520,943.6145514873072,943.6145514873072,943.6145514873072,943.6145514873072,3836,1918,0,0,3836,1918,1998556,999278,959000.0,959000.0,500.0,False,True,3836,1918,0,0,3836,1918,3.0517578125e-06,1.1150566736045817,0.3458144641718968,0.3458144641718968,0.3458144641718968,False,-4.393424895538555e-06,3.0517578125e-06,True
trial,521,521,520,943.6145542935212,943.6145542935212,943.6145514873072,943.6145514873072,3836,1918,0,0,3836,1918,2002392,1001196,959000.0,959000.0,500.0,False,True,3836,1918,0,0,3836,1918,6.103515625e-06,1.0582701635041472,-0.49616916388709703,-0.49616916388709703,-0.49616916388709703,False,-5.655760724873181e-06,6.103515625e-06,False
trial,522,522,522,943.6145510534735,943.6145510534735,943.6145510534735,943.6145510534735,3836,1918,0,0,3836,1918,2006228,1003114,959000.0,959000.0,500.0,False,True,3836,1918,0,0,3836,1918,3.0517578125e-06,1.0582701635041472,0.1281893818635508,0.1281893818635508,0.1281893818635508,False,-3.384318011360885e-06,3.0517578125e-06,True
trial,523,523,522,943.6145524345695,943.6145524345695,943.6145510534735,943.6145510534735,3836,1918,0,0,3836,1918,2010064,1005032,959000.0,959000.0,500.0,False,True,3836,1918,0,0,3836,1918,6.103515625e-06,1.1466297126301483,-0.17974976873702572,-0.17974976873702572,-0.17974976873702572,False,-7.683436937742771e-06,6.103515625e-06,False
trial,524,524,524,943.6145495279834,943.6145495279834,943.6145495279834,943.6145495279834,3836,1918,0,0,3836,1918,2013900,1006950,959000.0,959000.0,500.0,False,True,3836,1918,0,0,3836,1918,3.0517578125e-06,1.1466297126301483,0.34586716045676125,0.34586716045676125,0.34586716045676125,False,-4.4106243506546194e-06,3.0517578125e-06,True
trial,525,525,524,943.6145522764136,943.6145522764136,943.6145495279834,943.6145495279834,3836,1918,0,0,3836,1918,2017736,1008868,959000.0,959000.0,500.0,False,True,3836,1918,0,0,3836,1918,6.103515625e-06,1.0594606392288104,-0.48597352250090964,-0.48597352250090964,-0.48597352250090964,False,-5.655514356995082e-06,6.103515625e-06,False
trial,526,526,526,943.6145490935901,943.6145490935901,943.6145490935901,943.6145490935901,3836,1918,0,0,3836,1918,2021572,1010786,959000.0,959000.0,500.0,False,True,3836,1918,0,0,3836,1918,3.0517578125e-06,1.0594606392288104,0.12842612285245433,0.12842612285245433,0.12842612285245433,False,-3.382437346545148e-06,3.0517578125e-06,True
trial,527,527,526,943.6145505040865,943.6145505040865,943.6145490935901,943.6145490935901,3836,1918,0,0,3836,1918,2025408,1012704,959000.0,959000.0,500.0,False,True,3836,1918,0,0,3836,1918,6.103515625e-06,1.1181631516863455,-0.1835094435389205,-0.1835094435389205,-0.1835094435389205,False,-7.68623360672979e-06,6.103515625e-06,False
trial,528,528,528,943.6145475693567,943.6145475693567,943.6145475693567,943.6145475693567,3836,1918,0,0,3836,1918,2029244,1014622,959000.0,959000.0,500.0,False,True,3836,1918,0,0,3836,1918,3.0517578125e-06,1.1181631516863455,0.3454953257440932,0.3454953257440932,0.3454953257440932,False,-4.411733856067209e-06,3.0517578125e-06,True
trial,529,529,528,943.6145504102387,943.6145504102387,943.6145475693567,943.6145475693567,3836,1918,0,0,3836,1918,2033080,1016540,959000.0,959000.0,500.0,False,True,3836,1918,0,0,3836,1918,6.103515625e-06,1.0755855716561407,-0.5005771474185948,-0.5005771474185948,-0.5005771474185948,False,-5.6752132813317105e-06,6.103515625e-06,False
trial,530,530,530,943.614547141618,943.614547141618,943.614547141618,943.614547141618,3836,1918,0,0,3836,1918,2036916,1018458,959000.0,959000.0,500.0,False,True,3836,1918,0,0,3836,1918,3.0517578125e-06,1.0755855716561407,0.12642704728774187,0.12642704728774187,0.12642704728774187,False,-3.3832843868336928e-06,3.0517578125e-06,True
trial,531,531,530,943.6145485369561,943.6145485369561,943.614547141618,943.614547141618,3836,1918,0,0,3836,1918,2040752,1020376,959000.0,959000.0,500.0,False,True,3836,1918,0,0,3836,1918,6.103515625e-06,1.1264520904050652,-0.1810543250676681,-0.1810543250676681,-0.1810543250676681,False,-7.70673736039644e-06,6.103515625e-06,False
trial,532,532,532,943.6145456111224,943.6145456111224,943.6145456111224,943.6145456111224,3836,1918,0,0,3836,1918,2044588,1022294,959000.0,959000.0,500.0,False,True,3836,1918,0,0,3836,1918,3.0517578125e-06,1.1264520904050652,0.34659804199620686,0.34659804199620686,0.34659804199620686,False,-4.41576538911075e-06,3.0517578125e-06,True
trial,533,533,532,943.6145484181875,943.6145484181875,943.6145456111224,943.6145456111224,3836,1918,0,0,3836,1918,2048424,1024212,959000.0,959000.0,500.0,False,True,3836,1918,0,0,3836,1918,6.103515625e-06,1.0593645305541088,-0.49740001579812504,-0.49740001579812504,-0.49740001579812504,False,-5.64347615704996e-06,6.103515625e-06,False
trial,534,534,534,943.6145451849038,943.6145451849038,943.6145451849038,943.6145451849038,3836,1918,0,0,3836,1918,2052260,1026130,959000.0,959000.0,500.0,False,True,3836,1918,0,0,3836,1918,3.0517578125e-06,1.0593645305541088,0.12623688556466586,0.12623688556466586,0.12623688556466586,False,-3.3763392256425122e-06,3.0517578125e-06,True
trial,535,535,534,943.6145465824903,943.6145465824903,943.6145451849038,943.6145451849038,3836,1918,0,0,3836,1918,2056096,1028048,959000.0,959000.0,500.0,False,True,3836,1918,0,0,3836,1918,6.103515625e-06,1.1177222623489595,-0.18126827028283476,-0.18126827028283476,-0.18126827028283476,False,-7.710044971849245e-06,6.103515625e-06,False
trial,536,536,536,943.6145436589378,943.6145436589378,943.6145436589378,943.6145436589378,3836,1918,0,0,3836,1918,2059932,1029966,959000.0,959000.0,500.0,False,True,3836,1918,0,0,3836,1918,3.0517578125e-06,1.1177222623489595,0.34644493808818916,0.34644493808818916,0.34644493808818916,False,-4.404642254338901e-06,3.0517578125e-06,True
trial,537,537,536,943.6145465314214,943.6145465314214,943.6145436589378,943.6145436589378,3836,1918,0,0,3836,1918,2063768,1031884,959000.0,959000.0,500.0,False,True,3836,1918,0,0,3836,1918,6.103515625e-06,1.0584022762050833,-0.5072053359470766,-0.5072053359470766,-0.5072053359470766,False,-5.663354468223403e-06,6.103515625e-06,False
trial,538,538,538,943.6145432365463,943.6145432365463,943.6145432365463,943.6145432365463,3836,1918,0,0,3836,1918,2067604,1033802,959000.0,959000.0,500.0,False,True,3836,1918,0,0,3836,1918,3.0517578125e-06,1.0584022762050833,0.12523964595214987,0.12523964595214987,0.12523964595214987,False,-3.3726661012606673e-06,3.0517578125e-06,True
trial,539,539,538,943.614544631117,943.614544631117,943.6145432365463,943.6145432365463,3836,1918,0,0,3836,1918,2071440,1035720,959000.0,959000.0,500.0,False,True,3836,1918,0,0,3836,1918,6.103515625e-06,1.1227804441312708,-0.18108342866465993,-0.18108342866465993,-0.18108342866465993,False,-7.701260989973192e-06,6.103515625e-06,False
trial,540,540,540,943.6145417182431,943.6145417182431,943.6145417182431,943.6145417182431,3836,1918,0,0,3836,1918,2075276,1037638,959000.0,959000.0,500.0,False,True,3836,1918,0,0,3836,1918,3.0517578125e-06,1.1227804441312708,0.34498046187525155,0.34498046187525155,0.34498046187525155,False,-4.401128026001502e-06,3.0517578125e-06,True
trial,541,541,540,943.6145445903344,943.6145445903344,943.6145417182431,943.6145417182431,3836,1918,0,0,3836,1918,2079112,1039556,959000.0,959000.0,500.0,False,True,3836,1918,0,0,3836,1918,6.103515625e-06,1.0633447769768065,-0.5070534767513277,-0.5070534767513277,-0.5070534767513277,False,-5.664276854518443e-06,6.103515625e-06,False
trial,542,542,542,943.6145412828164,943.6145412828164,943.6145412828164,943.6145412828164,3836,1918,0,0,3836,1918,2082948,1041474,959000.0,959000.0,500.0,False,True,3836,1918,0,0,3836,1918,3.0517578125e-06,1.0633447769768065,0.1286833004636112,0.1286833004636112,0.1286833004636112,False,-3.3837081112646425e-06,3.0517578125e-06,True
trial,543,543,542,943.61454262904,943.61454262904,943.6145412828164,943.6145412828164,3836,1918,0,0,3836,1918,2086784,1043392,959000.0,959000.0,500.0,False,True,3836,1918,0,0,3836,1918,6.103515625e-06,1.121998582180985,-0.17465256981862562,-0.17465256981862562,-0.17465256981862562,False,-7.708009105009181e-06,6.103515625e-06,False
trial,544,544,544,943.6145397597768,943.6145397597768,943.6145397597768,943.6145397597768,3836,1918,0,0,3836,1918,2090620,1045310,959000.0,959000.0,500.0,False,True,3836,1918,0,0,3836,1918,3.0517578125e-06,1.121998582180985,0.34517306509096984,0.34517306509096984,0.34517306509096984,False,-4.412394112541416e-06,3.0517578125e-06,True
trial,545,545,544,943.6145426093574,943.6145426093574,943.6145397597768,943.6145397597768,3836,1918,0,0,3836,1918,2094456,1047228,959000.0,959000.0,500.0,False,True,3836,1918,0,0,3836,1918,6.103515625e-06,1.0634381986334893,-0.50464765975315,-0.50464765975315,-0.50464765975315,False,-5.6466735578831904e-06,6.103515625e-06,False
trial,546,546,546,943.6145393274671,943.6145393274671,943.6145393274671,943.6145393274671,3836,1918,0,0,3836,1918,2098292,1049146,959000.0,959000.0,500.0,False,True,3836,1918,0,0,3836,1918,3.0517578125e-06,1.0634381986334893,0.12765378250524817,0.12765378250524817,0.12765378250524817,False,-3.386579334839543e-06,3.0517578125e-06,True
trial,547,547,546,943.6145406688769,943.6145406688769,943.6145393274671,943.6145393274671,3836,1918,0,0,3836,1918,2102128,1051064,959000.0,959000.0,500.0,False,True,3836,1918,0,0,3836,1918,6.103515625e-06,1.1219928342810521,-0.17408428390123737,-0.17408428390123737,-0.17408428390123737,False,-7.705518996571735e-06,6.103515625e-06,False
trial,548,548,548,943.6145378011327,943.6145378011327,943.6145378011327,943.6145378011327,3836,1918,0,0,3836,1918,2105964,1052982,959000.0,959000.0,500.0,False,True,3836,1918,0,0,3836,1918,3.0517578125e-06,1.1219928342810521,0.34581071886870435,0.34581071886870435,0.34581071886870435,False,-4.413785891713868e-06,3.0517578125e-06,True
trial,549,549,548,943.6145407006361,943.6145407006361,943.6145378011327,943.6145378011327,3836,1918,0,0,3836,1918,2109800,1054900,959000.0,959000.0,500.0,False,True,3836,1918,0,0,3836,1918,6.103515625e-06,1.0651434456989988,-0.5144621063816728,-0.5144621063816728,-0.5144621063816728,False,-5.635990302706539e-06,6.103515625e-06,False
trial,550,550,550,943.6145373666197,943.6145373666197,943.6145373666197,943.6145373666197,3836,1918,0,0,3836,1918,2113636,1056818,959000.0,959000.0,500.0,False,True,3836,1918,0,0,3836,1918,3.0517578125e-06,1.0651434456989988,0.12838495134160988,0.12838495134160988,0.12838495134160988,False,-3.3844536156364406e-06,3.0517578125e-06,True
trial,551,551,550,943.6145385379074,943.6145385379074,943.6145373666197,943.6145373666197,3836,1918,0,0,3836,1918,2117472,1058736,959000.0,959000.0,500.0,False,True,3836,1918,0,0,3836,1918,6.103515625e-06,1.1191898064519075,-0.1518637831506055,-0.1518637831506055,-0.1518637831506055,False,-7.712751595349007e-06,6.103515625e-06,False
trial,552,552,552,943.6145358365909,943.6145358365909,943.6145358365909,943.6145358365909,3836,1918,0,0,3836,1918,2121308,1060654,959000.0,959000.0,500.0,False,True,3836,1918,0,0,3836,1918,3.0517578125e-06,1.1191898064519075,0.3469915349233739,0.3469915349233739,0.3469915349233739,False,-4.409412581095374e-06,3.0517578125e-06,True
trial,553,553,552,943.6145387073682,943.6145387073682,943.6145358365909,943.6145358365909,3836,1918,0,0,3836,1918,2125144,1062572,959000.0,959000.0,500.0,False,True,3836,1918,0,0,3836,1918,6.103515625e-06,1.063128541642218,-0.5112072453391515,-0.5112072453391515,-0.5112072453391515,False,-5.615681909967254e-06,6.103515625e-06,False
trial,554,554,554,943.614535415823,943.614535415823,943.614535415823,943.614535415823,3836,1918,0,0,3836,1918,2128980,1064490,959000.0,959000.0,500.0,False,True,3836,1918,0,0,3836,1918,3.0517578125e-06,1.063128541642218,0.12474570930129465,0.12474570930129465,0.12474570930129465,False,-3.3730053647851946e-06,3.0517578125e-06,True
trial,555,555,554,943.6145367639606,943.6145367639606,943.614535415823,943.614535415823,3836,1918,0,0,3836,1918,2132816,1066408,959000.0,959000.0,500.0,False,True,3836,1918,0,0,3836,1918,6.103515625e-06,1.1215058540960758,-0.17517547432846012,-0.17517547432846012,-0.17517547432846012,False,-7.695926813631993e-06,6.103515625e-06,False
trial,556,556,556,943.6145338883057,943.6145338883057,943.6145338883057,943.6145338883057,3836,1918,0,0,3836,1918,2136652,1068326,959000.0,959000.0,500.0,False,True,3836,1918,0,0,3836,1918,3.0517578125e-06,1.1215058540960758,0.3467005714543866,0.3467005714543866,0.3467005714543866,False,-4.405868913333304e-06,3.0517578125e-06,True
trial,557,557,556,943.6145368433514,943.6145368433514,943.6145338883057,943.6145338883057,3836,1918,0,0,3836,1918,2140488,1070244,959000.0,959000.0,500.0,False,True,3836,1918,0,0,3836,1918,6.103515625e-06,1.0621992724518168,-0.5236902412597136,-0.5236902412597136,-0.5236902412597136,False,-5.642735882517001e-06,6.103515625e-06,False
trial,558,558,558,943.6145334670489,943.6145334670489,943.6145334670489,943.6145334670489,3836,1918,0,0,3836,1918,2144324,1072162,959000.0,959000.0,500.0,False,True,3836,1918,0,0,3836,1918,3.0517578125e-06,1.0621992724518168,0.12490118569417993,0.12490118569417993,0.12490118569417993,False,-3.372720585222063e-06,3.0517578125e-06,True
trial,559,559,558,943.6145348056224,943.6145348056224,943.6145334670489,943.6145334670489,3836,1918,0,0,3836,1918,2148160,1074080,959000.0,959000.0,500.0,False,True,3836,1918,0,0,3836,1918,6.103515625e-06,1.1187736186249762,-0.1734299422305139,-0.1734299422305139,-0.1734299422305139,False,-7.718237578600654e-06,6.103515625e-06,False
trial,560,560,560,943.6145319336445,943.6145319336445,943.6145319336445,943.6145319336445,3836,1918,0,0,3836,1918,2151996,1075998,959000.0,959000.0,500.0,False,True,3836,1918,0,0,3836,1918,3.0517578125e-06,1.1187736186249762,0.3470454751036768,0.3470454751036768,0.3470454751036768,False,-4.418453889226647e-06,3.0517578125e-06,True
trial,561,561,560,943.6145348543614,943.6145348543614,943.6145319336445,943.6145319336445,3836,1918,0,0,3836,1918,2155832,1077916,959000.0,959000.0,500.0,False,True,3836,1918,0,0,3836,1918,6.103515625e-06,1.0609410168464772,-0.5211064877935351,-0.5211064877935351,-0.5211064877935351,False,-5.6048370539685014e-06,6.103515625e-06,False
trial,562,562,562,943.6145315158963,943.6145315158963,943.6145315158963,943.6145315158963,3836,1918,0,0,3836,1918,2159668,1079834,959000.0,959000.0,500.0,False,True,3836,1918,0,0,3836,1918,3.0517578125e-06,1.0609410168464772,0.12388532985480523,0.12388532985480523,0.12388532985480523,False,-3.3720554113489018e-06,3.0517578125e-06,True
trial,563,563,562,943.6145329159955,943.6145329159955,943.6145315158963,943.6145315158963,3836,1918,0,0,3836,1918,2163504,1081752,959000.0,959000.0,500.0,False,True,3836,1918,0,0,3836,1918,6.103515625e-06,1.1201164547283797,-0.18210941116800117,-0.18210941116800117,-0.18210941116800117,False,-7.688231011002894e-06,6.103515625e-06,False
trial,564,564,564,943.6145299840819,943.6145299840819,943.6145299840819,943.6145299840819,3836,1918,0,0,3836,1918,2167340,1083670,959000.0,959000.0,500.0,False,True,3836,1918,0,0,3836,1918,3.0517578125e-06,1.1201164547283797,0.346474163559716,0.346474163559716,0.346474163559716,False,-4.421150452778168e-06,3.0517578125e-06,True
trial,565,565,564,943.6145329451665,943.6145329451665,943.6145299840819,943.6145299840819,3836,1918,0,0,3836,1918,2171176,1085588,959000.0,959000.0,500.0,False,True,3836,1918,0,0,3836,1918,6.103515625e-06,1.0582976342151524,-0.5253071298389378,-0.5253071298389378,-0.5253071298389378,False,-5.636863614855163e-06,6.103515625e-06,False
trial,566,566,566,943.6145295744121,943.6145295744121,943.6145295744121,943.6145295744121,3836,1918,0,0,3836,1918,2175012,1087506,959000.0,959000.0,500.0,False,True,3836,1918,0,0,3836,1918,3.0517578125e-06,1.0582976342151524,0.12199857772711431,0.12199857772711431,0.12199857772711431,False,-3.3579877040724698e-06,3.0517578125e-06,True
trial,567,567,566,943.6145308833159,943.6145308833159,943.6145295744121,943.6145295744121,3836,1918,0,0,3836,1918,2178848,1089424,959000.0,959000.0,500.0,False,True,3836,1918,0,0,3836,1918,6.103515625e-06,1.1312269349221975,-0.16904652162549993,-0.16904652162549993,-0.16904652162549993,False,-7.742861084967384e-06,6.103515625e-06,False
trial,568,568,568,943.6145280347614,943.6145280347614,943.6145280347614,943.6145280347614,3836,1918,0,0,3836,1918,2182684,1091342,959000.0,959000.0,500.0,False,True,3836,1918,0,0,3836,1918,3.0517578125e-06,1.1312269349221975,0.3474767683451215,0.3474767683451215,0.3474767683451215,False,-4.430945793780591e-06,3.0517578125e-06,True
trial,569,569,568,943.6145309982202,943.6145309982202,943.6145280347614,943.6145280347614,3836,1918,0,0,3836,1918,2186520,1093260,959000.0,959000.0,500.0,False,True,3836,1918,0,0,3836,1918,6.103515625e-06,1.0755004984602001,-0.528178031040869,-0.528178031040869,-0.528178031040869,False,-5.610719482605556e-06,6.103515625e-06,False
trial,570,570,570,943.6145276225434,943.6145276225434,943.6145276225434,943.6145276225434,3836,1918,0,0,3836,1918,2190356,1095178,959000.0,959000.0,500.0,False,True,3836,1918,0,0,3836,1918,3.0517578125e-06,1.0755004984602001,0.122395728632869,0.122395728632869,0.122395728632869,False,-3.3679117645189575e-06,3.0517578125e-06,True
trial,571,571,570,943.6145289418153,943.6145289418153,943.6145276225434,943.6145276225434,3836,1918,0,0,3836,1918,2194192,1097096,959000.0,959000.0,500.0,False,True,3836,1918,0,0,3836,1918,6.103515625e-06,1.1161547356013775,-0.17078216882923297,-0.17078216882923297,-0.17078216882923297,False,-7.724880582092322e-06,6.103515625e-06,False
trial,572,572,572,943.6145260951274,943.6145260951274,943.6145260951274,943.6145260951274,3836,1918,0,0,3836,1918,2198028,1099014,959000.0,959000.0,500.0,False,True,3836,1918,0,0,3836,1918,3.0517578125e-06,1.1161547356013775,0.3462944803278304,0.3462944803278304,0.3462944803278304,False,-4.410743057721822e-06,3.0517578125e-06,True
trial,573,573,572,943.614529007577,943.614529007577,943.6145260951274,943.6145260951274,3836,1918,0,0,3836,1918,2201864,1100932,959000.0,959000.0,500.0,False,True,3836,1918,0,0,3836,1918,6.103515625e-06,1.067650540582776,-0.5164394225279051,-0.5164394225279051,-0.5164394225279051,False,-5.639479490288652e-06,6.103515625e-06,False
trial,574,574,574,943.614525670938,943.614525670938,943.614525670938,943.614525670938,3836,1918,0,0,3836,1918,2205700,1102850,959000.0,959000.0,500.0,False,True,3836,1918,0,0,3836,1918,3.0517578125e-06,1.067650540582776,0.12553683553452197,0.12553683553452197,0.12553683553452197,False,-3.3790039709788694e-06,3.0517578125e-06,True
trial,575,575,574,943.6145269103185,943.6145269103185,943.614525670938,943.614525670938,3836,1918,0,0,3836,1918,2209536,1104768,959000.0,959000.0,500.0,False,True,3836,1918,0,0,3836,1918,6.103515625e-06,1.1206066661402523,-0.16056345298284788,-0.16056345298284788,-0.16056345298284788,False,-7.718945822185337e-06,6.103515625e-06,False
trial,576,576,576,943.6145241469858,943.6145241469858,943.6145241469858,943.6145241469858,3836,1918,0,0,3836,1918,2213372,1106686,959000.0,959000.0,500.0,False,True,3836,1918,0,0,3836,1918,3.0517578125e-06,1.1206066661402523,0.34555819056020093,0.34555819056020093,0.34555819056020093,False,-4.410117329272705e-06,3.0517578125e-06,True
trial,577,577,576,943.614527138935,943.614527138935,943.6145241469858,943.6145241469858,3836,1918,0,0,3836,1918,2217208,1108604,959000.0,959000.0,500.0,False,True,3836,1918,0,0,3836,1918,6.103515625e-06,1.0687737618261577,-0.5304685797302209,-0.5304685797302209,-0.5304685797302209,False,-5.640200708087329e-06,6.103515625e-06,False
trial,578,578,578,943.6145237308363,943.6145237308363,943.6145237308363,943.6145237308363,3836,1918,0,0,3836,1918,2221044,1110522,959000.0,959000.0,500.0,False,True,3836,1918,0,0,3836,1918,3.0517578125e-06,1.0687737618261577,0.12363721150705535,0.12363721150705535,0.12363721150705535,False,-3.365892254759003e-06,3.0517578125e-06,True
trial,579,579,578,943.6145249827898,943.6145249827898,943.6145237308363,943.6145237308363,3836,1918,0,0,3836,1918,2224880,1112440,959000.0,959000.0,500.0,False,True,3836,1918,0,0,3836,1918,6.103515625e-06,1.1188226991185342,-0.16304457939971825,-0.16304457939971825,-0.16304457939971825,False,-7.678596661422745e-06,6.103515625e-06,False
trial,580,580,580,943.6145222143753,943.6145222143753,943.6145222143753,943.6145222143753,3836,1918,0,0,3836,1918,2228716,1114358,959000.0,959000.0,500.0,False,True,3836,1918,0,0,3836,1918,3.0517578125e-06,1.1188226991185342,0.34498306577818416,0.34498306577818416,0.34498306577818416,False,-4.395754887976789e-06,3.0517578125e-06,True
trial,581,581,580,943.6145252748427,943.6145252748427,943.6145222143753,943.6145222143753,3836,1918,0,0,3836,1918,2232552,1116276,959000.0,959000.0,500.0,False,True,3836,1918,0,0,3836,1918,6.103515625e-06,1.0717455651297647,-0.5406913078183839,-0.5406913078183839,-0.5406913078183839,False,-5.660285938313229e-06,6.103515625e-06,False
trial,582,582,582,943.6145217792093,943.6145217792093,943.6145217792093,943.6145217792093,3836,1918,0,0,3836,1918,2236388,1118194,959000.0,959000.0,500.0,False,True,3836,1918,0,0,3836,1918,3.0517578125e-06,1.0717455651297647,0.12844099172588958,0.12844099172588958,0.12844099172588958,False,-3.3880611174818386e-06,3.0517578125e-06,True
trial,583,583,582,943.6145229824004,943.6145229824004,943.6145217792093,943.6145217792093,3836,1918,0,0,3836,1918,2240224,1120112,959000.0,959000.0,500.0,False,True,3836,1918,0,0,3836,1918,6.103515625e-06,1.1206956130608885,-0.15606716511114202,-0.15606716511114202,-0.15606716511114202,False,-7.709444311596172e-06,6.103515625e-06,False
trial,584,584,584,943.6145202687977,943.6145202687977,943.6145202687977,943.6145202687977,3836,1918,0,0,3836,1918,2244060,1122030,959000.0,959000.0,500.0,False,True,3836,1918,0,0,3836,1918,3.0517578125e-06,1.1206956130608885,0.34321348246699984,0.34321348246699984,0.34321348246699984,False,-4.400793338551008e-06,3.0517578125e-06,True
trial,585,585,584,943.6145233320619,943.6145233320619,943.6145202687977,943.6145202687977,3836,1918,0,0,3836,1918,2247896,1123948,959000.0,959000.0,500.0,False,True,3836,1918,0,0,3836,1918,6.103515625e-06,1.0758421724246274,-0.5434047449461663,-0.5434047449461663,-0.5434047449461663,False,-5.6371686942314926e-06,6.103515625e-06,False
trial,586,586,586,943.6145198305317,943.6145198305317,943.6145198305317,943.6145198305317,3836,1918,0,0,3836,1918,2251732,1125866,959000.0,959000.0,500.0,False,True,3836,1918,0,0,3836,1918,3.0517578125e-06,1.0758421724246274,0.12911429772109412,0.12911429772109412,0.12911429772109412,False,-3.3944037497833344e-06,3.0517578125e-06,True
trial,587,587,586,943.614521003622,943.614521003622,943.6145198305317,943.6145198305317,3836,1918,0,0,3836,1918,2255568,1127784,959000.0,959000.0,500.0,False,True,3836,1918,0,0,3836,1918,6.103515625e-06,1.1166755123396863,-0.15231236804551027,-0.15231236804551027,-0.15231236804551027,False,-7.701872034487741e-06,6.103515625e-06,False
trial,588,588,588,943.6145183116156,943.6145183116156,943.6145183116156,943.6145183116156,3836,1918,0,0,3836,1918,2259404,1129702,959000.0,959000.0,500.0,False,True,3836,1918,0,0,3836,1918,3.0517578125e-06,1.1166755123396863,0.34499320120215604,0.34499320120215604,0.34499320120215604,False,-4.402742023992028e-06,3.0517578125e-06,True
trial,589,589,588,943.6145213840475,943.6145213840475,943.6145183116156,943.6145183116156,3836,1918,0,0,3836,1918,2263240,1131620,959000.0,959000.0,500.0,False,True,3836,1918,0,0,3836,1918,6.103515625e-06,1.072065998876528,-0.5439002935046471,-0.5439002935046471,-0.5439002935046471,False,-5.648888150627552e-06,6.103515625e-06,False
trial,590,590,590,943.6145178895717,943.6145178895717,943.6145178895717,943.6145178895717,3836,1918,0,0,3836,1918,2267076,1133538,959000.0,959000.0,500.0,False,True,3836,1918,0,0,3836,1918,3.0517578125e-06,1.072065998876528,0.12501488956486742,0.12501488956486742,0.12501488956486742,False,-3.3759487014381736e-06,3.0517578125e-06,True
trial,591,591,590,943.6145189575884,943.6145189575884,943.6145178895717,943.6145178895717,3836,1918,0,0,3836,1918,2270912,1135456,959000.0,959000.0,500.0,False,True,3836,1918,0,0,3836,1918,6.103515625e-06,1.1135705979874124,-0.14200507257064457,-0.14200507257064457,-0.14200507257064457,False,-7.520975505314099e-06,6.103515625e-06,False
trial,592,592,592,943.6145163774825,943.6145163774825,943.6145163774825,943.6145163774825,3836,1918,0,0,3836,1918,2274748,1137374,959000.0,959000.0,500.0,False,True,3836,1918,0,0,3836,1918,3.0517578125e-06,1.1135705979874124,0.34358084870327493,0.34358084870327493,0.34358084870327493,False,-4.400970804143401e-06,3.0517578125e-06,True
trial,593,593,592,943.6145194829827,943.6145194829827,943.6145163774825,943.6145163774825,3836,1918,0,0,3836,1918,2278584,1139292,959000.0,959000.0,500.0,False,True,3836,1918,0,0,3836,1918,6.103515625e-06,1.075144212937287,-0.5514416179662106,-0.5514416179662106,-0.5514416179662106,False,-5.631602947228584e-06,6.103515625e-06,False
trial,594,594,594,943.6145159461621,943.6145159461621,943.6145159461621,943.6145159461621,3836,1918,0,0,3836,1918,2282420,1141210,959000.0,959000.0,500.0,False,True,3836,1918,0,0,3836,1918,3.0517578125e-06,1.075144212937287,0.1274137351933278,0.1274137351933278,0.1274137351933278,False,-3.385195154431893e-06,3.0517578125e-06,True
trial,595,595,594,943.614517119986,943.614517119986,943.6145159461621,943.6145159461621,3836,1918,0,0,3836,1918,2286256,1143128,959000.0,959000.0,500.0,False,True,3836,1918,0,0,3836,1918,6.103515625e-06,1.1177316535900181,-0.15268734412429458,-0.15268734412429458,-0.15268734412429458,False,-7.687761432786156e-06,6.103515625e-06,False
trial,596,596,596,943.6145144217879,943.6145144217879,943.6145144217879,943.6145144217879,3836,1918,0,0,3836,1918,2290092,1145046,959000.0,959000.0,500.0,False,True,3836,1918,0,0,3836,1918,3.0517578125e-06,1.1177316535900181,0.3455418724616202,0.3455418724616202,0.3455418724616202,False,-4.411546881840198e-06,3.0517578125e-06,True
trial,597,597,596,943.6145175119175,943.6145175119175,943.6145144217879,943.6145144217879,3836,1918,0,0,3836,1918,2293928,1146964,959000.0,959000.0,500.0,False,True,3836,1918,0,0,3836,1918,6.103515625e-06,1.074876107037276,-0.5508335312006053,-0.5508335312006053,-0.5508335312006053,False,-5.609915479172225e-06,6.103515625e-06,False
trial,598,598,598,943.6145140068633,943.6145140068633,943.6145140068633,943.6145140068633,3836,1918,0,0,3836,1918,2297764,1148882,959000.0,959000.0,500.0,False,True,3836,1918,0,0,3836,1918,3.0517578125e-06,1.074876107037276,0.12293169163725895,0.12293169163725895,0.12293169163725895,False,-3.3752457571829872e-06,3.0517578125e-06,True
trial,599,599,598,943.6145151747676,943.6145151747676,943.6145140068633,943.6145140068633,3836,1918,0,0,3836,1918,2301600,1150800,959000.0,959000.0,500.0,False,True,3836,1918,0,0,3836,1918,6.103515625e-06,1.1201028988939652,-0.15083071700104222,-0.15083071700104222,-0.15083071700104222,False,-7.743146347782082e-06,6.103515625e-06,False
